ID,Name,Family,Update Date
12288,Global variable settings,Settings,2023-03-10
34113,Wireshark / Ethereal < 1.0.3 Multiple Vulnerabilities,Windows,2023-03-10
35629,Wireshark / Ethereal 0.99.6 to 1.0.5 Multiple Denial of Service Vulnerabilities,Windows,2023-03-10
36127,Wireshark / Ethereal 0.99.2 to 1.0.6 Multiple Vulnerabilities,Windows,2023-03-10
40335,Wireshark / Ethereal 0.9.2 to 1.2.0 Multiple Vulnerabilities,Windows,2023-03-10
40999,Wireshark / Ethereal 0.9.6 to 1.2.1 Multiple Vulnerabilities,Windows,2023-03-10
41029,Wireshark / Ethereal 0.9.2 to 1.0.9 Multiple Vulnerabilities,Windows,2023-03-10
43350,Wireshark / Ethereal 0.9.0 to 1.2.4 Multiple Vulnerabilities,Windows,2023-03-10
44338,Wireshark / Ethereal Dissector LWRES Multiple Buffer Overflows,Windows,2023-03-10
46864,Wireshark / Ethereal < 1.0.14 / 1.2.9 Multiple Vulnerabilities,Windows,2023-03-10
48213,Wireshark / Ethereal < 1.0.15 / 1.2.10 Multiple Vulnerabilities,Windows,2023-03-10
48943,Wireshark / Ethereal < 1.2.11 / 1.0.16 Path Subversion Arbitrary DLL Injection Code Execution,Windows,2023-03-10
49978,Wireshark < 1.2.12 / 1.4.1 ASN.1 BER Dissector Denial of Service,Windows,2023-03-10
50678,Wireshark < 1.2.13 / 1.4.2 Multiple Vulnerabilities,Windows,2023-03-10
51458,Wireshark < 1.2.14 / 1.4.3 Multiple Vulnerabilities,Windows,2023-03-10
52502,Wireshark < 1.2.15 / 1.4.4 Multiple Vulnerabilities,Windows,2023-03-10
52668,F-Secure Anti-Virus Detection and Status,Windows,2023-03-14
53473,Wireshark < 1.2.16 / 1.4.5 Multiple Vulnerabilities,Windows,2023-03-10
54942,Wireshark < 1.2.17 / 1.4.7 Multiple DoS Vulnerabilities,Windows,2023-03-10
55411,Wireshark 1.4.5 Denial of Service,Windows,2023-03-10
55510,Wireshark < 1.2.18 / 1.4.8 / 1.6.1 Multiple Denial of Service Vulnerabilities,Windows,2023-03-10
56163,Wireshark 1.4.x < 1.4.9 Multiple Vulnerabilities,Windows,2023-03-10
56164,Wireshark 1.6.x < 1.6.2 Multiple Vulnerabilities,Windows,2023-03-10
56689,Wireshark 1.4.x < 1.4.10 Multiple Vulnerabilities,Windows,2023-03-10
56690,Wireshark 1.6.x < 1.6.3 Multiple Vulnerabilities,Windows,2023-03-10
57538,Wireshark 1.4.x < 1.4.11 Multiple Vulnerabilities,Windows,2023-03-10
57539,Wireshark 1.6.x < 1.6.5 Multiple Vulnerabilities,Windows,2023-03-10
58517,Wireshark 1.4.x < 1.4.12 Multiple Denial of Service Vulnerabilities,Windows,2023-03-10
58518,Wireshark 1.6.x < 1.6.6 Multiple Denial of Service Vulnerabilities,Windows,2023-03-10
59239,Wireshark 1.4.x < 1.4.13 Multiple Denial of Service Vulnerabilities,Windows,2023-03-10
59240,Wireshark 1.6.x < 1.6.8 Multiple Denial of Service Vulnerabilities,Windows,2023-03-10
60116,Wireshark 1.4.x < 1.4.14 Multiple Denial of Service Vulnerabilities,Windows,2023-03-10
60117,Wireshark 1.6.x < 1.6.9 Multiple Denial of Service Vulnerabilities,Windows,2023-03-10
60118,Wireshark 1.8.x < 1.8.1 Multiple Denial of Service Vulnerabilities,Windows,2023-03-10
61571,Wireshark 1.4.x < 1.4.15 Multiple Vulnerabilities,Windows,2023-03-10
61572,Wireshark 1.6.x < 1.6.10 Multiple Vulnerabilities,Windows,2023-03-10
61573,Wireshark 1.8.x < 1.8.2 Multiple Vulnerabilities,Windows,2023-03-10
62477,Wireshark 1.6.x < 1.6.11 DRDA DoS,Windows,2023-03-10
62478,Wireshark 1.8.x < 1.8.3 Multiple Vulnerabilities,Windows,2023-03-10
63095,Wireshark 1.6.x < 1.6.12 Multiple Vulnerabilities,Windows,2023-03-10
63096,Wireshark 1.8.x < 1.8.4 Multiple Vulnerabilities,Windows,2023-03-10
64361,Wireshark 1.6.x < 1.6.13 Multiple Vulnerabilities,Windows,2023-03-10
64362,Wireshark 1.8.x < 1.8.5 Multiple Vulnerabilities,Windows,2023-03-10
65253,Wireshark 1.6.x < 1.6.14 Multiple Vulnerabilities,Windows,2023-03-10
65254,Wireshark 1.8.x < 1.8.6 Multiple Vulnerabilities,Windows,2023-03-10
66543,Wireshark 1.6.x < 1.6.15 ASN.1 BER Dissector Malformed Packet Handling DoS,Windows,2023-03-10
66544,Wireshark 1.8.x < 1.8.7 Multiple Vulnerabilities,Windows,2023-03-10
66894,Wireshark 1.6.x < 1.6.16 Multiple DoS Vulnerabilities,Windows,2023-03-10
66895,Wireshark 1.8.x < 1.8.8 Multiple Vulnerabilities,Windows,2023-03-10
69080,Cisco Web Security Appliance Web Detection,CISCO,2023-03-11
69104,Wireshark 1.8.x < 1.8.9 Multiple Vulnerabilities,Windows,2023-03-10
69105,Wireshark 1.10.x < 1.10.1 Multiple Vulnerabilities,Windows,2023-03-10
69880,Wireshark 1.8.x < 1.8.10 Multiple DoS,Windows,2023-03-10
69881,Wireshark 1.10.x < 1.10.2 Multiple DoS,Windows,2023-03-10
70349,Adobe Acrobat Installed (Mac OS X),MacOS X Local Security Checks,2023-03-10
70610,Apple Keynote Detection (Mac OS X),MacOS X Local Security Checks,2023-03-10
70762,Wireshark 1.10.x < 1.10.3 Multiple DoS Vulnerabilities,Windows,2023-03-10
70763,Wireshark 1.8.x < 1.8.11 Multiple DoS Vulnerabilities,Windows,2023-03-10
70890,Google Chrome Installed (Mac OS X),MacOS X Local Security Checks,2023-03-10
71039,BlackBerry Link Detection (Mac OS X),MacOS X Local Security Checks,2023-03-10
71520,Wireshark 1.8.x < 1.8.12 Multiple DoS,Windows,2023-03-10
71521,Wireshark 1.10.x < 1.10.4 Multiple DoS,Windows,2023-03-10
71570,Apple Motion Installed (Mac OS X),MacOS X Local Security Checks,2023-03-10
72170,Adobe Digital Editions Installed (Mac OS X),MacOS X Local Security Checks,2023-03-10
72280,Apple Pages Installed (Mac OS X),MacOS X Local Security Checks,2023-03-10
72941,Wireshark 1.8.x < 1.8.13 Multiple Vulnerabilities,Windows,2023-03-10
72942,Wireshark 1.10.x < 1.10.6 Multiple Vulnerabilities,Windows,2023-03-10
73864,Wireshark 1.10.x < 1.10.7 DoS,Windows,2023-03-10
76150,Wireshark 1.10.x < 1.10.8 Metadissector DoS,Windows,2023-03-10
76787,F-Secure Key Detection (Mac OS X),MacOS X Local Security Checks,2023-03-10
76963,VMware Horizon View Client Detection (Mac OS X),MacOS X Local Security Checks,2023-03-10
76992,Wireshark 1.10.x < 1.10.9 Multiple DoS Vulnerabilities,Windows,2023-03-10
77275,Tenable Log Correlation Engine (LCE) Client Installed (Mac OS X) (credentialed check),MacOS X Local Security Checks,2023-03-10
77330,VMware OVF Tool Detection (Mac OS X),MacOS X Local Security Checks,2023-03-10
77368,Autodesk SketchBook Pro Detection,MacOS X Local Security Checks,2023-03-10
77405,Symantec Encryption Desktop Installed (MacOS X),MacOS X Local Security Checks,2023-03-10
77731,Wireshark 1.10.x < 1.10.10 Multiple DoS Vulnerabilities,Windows,2023-03-10
77732,Wireshark 1.12.x < 1.12.1 Multiple DoS Vulnerabilities,Windows,2023-03-10
78672,WinZip Installed (Mac OS X),MacOS X Local Security Checks,2023-03-10
79251,Wireshark 1.10.x < 1.10.11 Multiple DoS Vulnerabilities,Windows,2023-03-10
79252,Wireshark 1.12.x < 1.12.2 Multiple DoS Vulnerabilities,Windows,2023-03-10
80169,Adobe Shockwave Player Installed (Mac OS X),MacOS X Local Security Checks,2023-03-10
80219,GitHub Installed (Mac OS X),MacOS X Local Security Checks,2023-03-10
80227,APPLE-SA-2014-12-22-1 OS X NTP Security Update (Mac OS X),MacOS X Local Security Checks,2023-03-10
80459,Wireshark 1.10.x < 1.10.12 / 1.12.x < 1.12.3 Multiple DoS Vulnerabilities,Windows,2023-03-10
81672,Wireshark 1.10.x < 1.10.13 / 1.12.x < 1.12.4 Multiple DoS Vulnerabilities,Windows,2023-03-10
81883,Opera Installed (Mac OS X),MacOS X Local Security Checks,2023-03-10
82297,Tenable Passive Vulnerability Scanner Installed (Mac OS X) (credentialed check),MacOS X Local Security Checks,2023-03-10
83488,Wireshark 1.10.x < 1.10.14 / 1.12.x < 1.12.5 Multiple DoS Vulnerabilities,Windows,2023-03-10
83991,List Installed Mac OS X Software,MacOS X Local Security Checks,2023-03-10
84398,Wireshark 1.12.x < 1.12.6 Multiple DoS Vulnerabilities,Windows,2023-03-10
84584,VideoLAN VLC for OS X Web Plugin Installed (Mac OS X),MacOS X Local Security Checks,2023-03-10
85405,Wireshark 1.12.x < 1.12.7 Multiple DoS,Windows,2023-03-10
86383,Microsoft Office Installed (Mac OS X),MacOS X Local Security Checks,2023-03-10
86480,Wireshark 1.12.x < 1.12.8 pcapng File Parser DoS,Windows,2023-03-10
87824,Wireshark 1.12.x < 1.12.9 Multiple DoS,Windows,2023-03-10
87825,Wireshark 2.0.0 Multiple DoS,Windows,2023-03-10
89103,Wireshark 1.12.x < 1.12.10 Multiple Vulnerabilities,Windows,2023-03-10
89104,Wireshark 2.0.x < 2.0.2 Multiple Vulnerabilities,Windows,2023-03-10
90786,Wireshark 1.12.x < 1.12.11 Multiple DoS,Windows,2023-03-10
90787,Wireshark 2.0.x < 2.0.3 Multiple DoS,Windows,2023-03-10
91820,Wireshark 1.12.x < 1.12.12 Multiple DoS,Windows,2023-03-10
91821,Wireshark 2.0.x < 2.0.4 Multiple DoS,Windows,2023-03-10
92816,Wireshark 1.12.x < 1.12.13 Multiple DoS,Windows,2023-03-10
92817,Wireshark 2.0.x < 2.0.5 Multiple DoS,Windows,2023-03-10
93518,Wireshark 2.0.x < 2.0.6 Multiple DoS,Windows,2023-03-10
93522,VMware Tools Detection (Mac OS X),MacOS X Local Security Checks,2023-03-10
93940,Wireshark 2.2.x < 2.2.1 Multiple DoS,Windows,2023-03-10
95259,Fortinet FortiClient Detection (macOS),MacOS X Local Security Checks,2023-03-10
95435,Wireshark 2.0.x < 2.0.8 / 2.2.x < 2.2.2 Multiple DoS,Windows,2023-03-10
96765,Wireshark 2.0.x < 2.0.10 / 2.2.x < 2.2.4 Multiple DoS,Windows,2023-03-10
97574,Wireshark 2.0.x < 2.0.11 / 2.2.x < 2.2.5 Multiple DoS,Windows,2023-03-10
99265,macOS Remote Listeners Enumeration,MacOS X Local Security Checks,2023-03-10
99311,Mono Installed (macOS),MacOS X Local Security Checks,2023-03-10
99437,Wireshark 2.0.x < 2.0.12 / 2.2.x < 2.2.6 Multiple DoS,Windows,2023-03-10
101842,WordPress Plugin Detection,CGI abuses,2023-03-10
104666,Microsoft .NET Core Installed (macOS),MacOS X Local Security Checks,2023-03-10
105792,VMware Tools Detection (macOS),MacOS X Local Security Checks,2023-03-10
106757,CylancePROTECT Detection,Windows,2023-03-14
106758,CylancePROTECT Detection (Mac OS X),MacOS X Local Security Checks,2023-03-14
107689,Solaris 10 (sparc) : 150113-02,Solaris Local Security Checks,2023-03-10
108802,Microsoft Exchange Server Unsupported Version Detection (Uncredentialed),Windows,2023-03-14
109279,FileVault Detection (Mac OS X),MacOS X Local Security Checks,2023-03-10
110231,Tenable Nessus Agent Installed (macOS),MacOS X Local Security Checks,2023-03-10
110644,Facebook OSQuery Installed (macOS),MacOS X Local Security Checks,2023-03-10
117407,SourceTree by Atlassian Detection on Mac OSX,MacOS X Local Security Checks,2023-03-10
124366,McAfee Endpoint Security and Module Detection,Windows,2023-03-14
125406,Apple Safari Installed (macOS),MacOS X Local Security Checks,2023-03-10
130366,Jenkins Installed (macOS),MacOS X Local Security Checks,2023-03-10
131568,Serial Number Identification (macOS),MacOS X Local Security Checks,2023-03-10
131725,Sophos Anti-Virus Installed (Windows),Windows,2023-03-14
133843,VMware Carbon Black Cloud Endpoint Standard Installed (Windows),Windows,2023-03-14
133962,Sophos Anti-Virus Installed (Linux),Misc.,2023-03-14
133963,Sophos Anti-Virus Detection and Status (Linux),Misc.,2023-03-14
134216,VMware Carbon Black Cloud Endpoint Standard Installed (macOS),MacOS X Local Security Checks,2023-03-14
134944,PHP 7.3.x < 7.3.16 Multiple Vulnerabilities,CGI abuses,2023-03-14
136761,BitDefender Endpoint Security Tools Detection (Windows),Windows,2023-03-14
137326,Plex Media Server < 1.19.3 Authenticated RCE,Windows,2023-03-11
137650,Cisco Webex Meetings Desktop App Installed (Mac OS X),MacOS X Local Security Checks,2023-03-10
139914,Check Point Endpoint Security SandBlast Agent Installed (macOS),MacOS X Local Security Checks,2023-03-10
139918,ClamAV Installed (Linux),Misc.,2023-03-14
140633,CrowdStrike Falcon Sensor Installed (Windows),Windows,2023-03-14
140918,Tanium Client Installed (Windows),Windows,2023-03-14
141082,Symantec Endpoint Protection Installed (macOS),MacOS X Local Security Checks,2023-03-10
141105,McAfee Endpoint Security Installed (macOS),MacOS X Local Security Checks,2023-03-10
141173,ESET Cyber Security Installed (macOS),MacOS X Local Security Checks,2023-03-14
142902,MySQL Installed (Mac OS X),MacOS X Local Security Checks,2023-03-10
142903,Node.js Installed (Mac OS X),MacOS X Local Security Checks,2023-03-10
144648,FireEye Endpoint Agent Installed (Windows),Windows,2023-03-14
147817,Java Detection and Identification (Linux / Unix),General,2023-03-11
153047,Microsoft Visual Studio Code Extensions Installed (macOS),MacOS X Local Security Checks,2023-03-10
153486,Microsoft Open Management Infrastructure RCE (CVE-2021-38647),Web Servers,2023-03-10
153811,Debian DLA-2769-1 : libxstream-java - LTS security update,Debian Local Security Checks,2023-03-11
154285,openSUSE 15 Security Update : xstream (openSUSE-SU-2021:3476-1),SuSE Local Security Checks,2023-03-11
154298,SUSE SLED15 / SLES15 Security Update : xstream (SUSE-SU-2021:3476-1),SuSE Local Security Checks,2023-03-11
154412,Scientific Linux Security Update : xstream on SL7.x (noarch) (2021:3956),Scientific Linux Local Security Checks,2023-03-11
154419,RHEL 7 : xstream (RHSA-2021:3956),Red Hat Local Security Checks,2023-03-11
154433,Oracle Linux 7 : xstream (ELSA-2021-3956),Oracle Linux Local Security Checks,2023-03-11
154764,openSUSE 15 Security Update : xstream (openSUSE-SU-2021:1401-1),SuSE Local Security Checks,2023-03-11
155294,Debian DSA-5004-1 : libxstream-java - security update,Debian Local Security Checks,2023-03-11
155989,Amazon Linux 2 : xstream (ALAS-2021-1729),Amazon Linux Local Security Checks,2023-03-11
156000,Apache Log4j Installed (Linux / Unix),Misc.,2023-03-10
156468,SUSE SLED15 / SLES15 Security Update : libvirt (SUSE-SU-2022:0021-1),SuSE Local Security Checks,2023-03-11
156475,SUSE SLES15 Security Update : libvirt (SUSE-SU-2022:0031-1),SuSE Local Security Checks,2023-03-11
156477,SUSE SLES12 Security Update : libsndfile (SUSE-SU-2022:0034-1),SuSE Local Security Checks,2023-03-11
156478,SUSE SLES11 Security Update : libsndfile (SUSE-SU-2022:14872-1),SuSE Local Security Checks,2023-03-11
156479,SUSE SLES12 Security Update : libvirt (SUSE-SU-2022:0032-1),SuSE Local Security Checks,2023-03-11
156480,SUSE SLES12 Security Update : net-snmp (SUSE-SU-2022:0030-1),SuSE Local Security Checks,2023-03-11
156607,SUSE SLES12 Security Update : libvirt (SUSE-SU-2022:0041-1),SuSE Local Security Checks,2023-03-11
156611,SUSE SLES15 Security Update : kubevirt  virt-api-container  virt-controller-container  virt-handler-container  virt-launcher-container  virt-operator-container (SUSE-SU-2022:0040-1),SuSE Local Security Checks,2023-03-11
156615,SUSE SLES12 Security Update : libvirt (SUSE-SU-2022:0042-1),SuSE Local Security Checks,2023-03-11
156634,SUSE SLES15 Security Update : libvirt (SUSE-SU-2022:0045-1),SuSE Local Security Checks,2023-03-11
156635,SUSE SLED15 / SLES15 Security Update : net-snmp (SUSE-SU-2022:0050-1),SuSE Local Security Checks,2023-03-11
156638,SUSE SLED15 / SLES15 Security Update : libsndfile (SUSE-SU-2022:0052-1),SuSE Local Security Checks,2023-03-11
156644,SUSE SLED15 / SLES15 Security Update : systemd (SUSE-SU-2022:0043-1),SuSE Local Security Checks,2023-03-11
156646,SUSE SLES15 Security Update : kernel (SUSE-SU-2022:0056-1),SuSE Local Security Checks,2023-03-11
156699,SUSE SLES12 Security Update : python36-pip (SUSE-SU-2022:0060-1),SuSE Local Security Checks,2023-03-11
156701,SUSE SLES12 Security Update : apache2 (SUSE-SU-2022:0065-1),SuSE Local Security Checks,2023-03-11
156702,SUSE SLED15 / SLES15 Security Update : openexr (SUSE-SU-2022:0062-1),SuSE Local Security Checks,2023-03-11
156703,SUSE SLED12 / SLES12 Security Update : openexr (SUSE-SU-2022:0061-1),SuSE Local Security Checks,2023-03-11
156704,SUSE SLED15 / SLES15 Security Update : python39-pip (SUSE-SU-2022:0064-1),SuSE Local Security Checks,2023-03-11
156709,SUSE SLED15 / SLES15 Security Update : MozillaThunderbird (SUSE-SU-2022:0058-1),SuSE Local Security Checks,2023-03-11
156746,SUSE SLED15 / SLES15 Security Update : libmspack (SUSE-SU-2022:0069-1),SuSE Local Security Checks,2023-03-11
156748,SUSE SLED12 / SLES12 Security Update : kernel (SUSE-SU-2022:0068-1),SuSE Local Security Checks,2023-03-11
156758,SUSE SLES12 Security Update : ghostscript (SUSE-SU-2022:0081-1),SuSE Local Security Checks,2023-03-11
156759,SUSE SLES12 Security Update : kernel (SUSE-SU-2022:0080-1),SuSE Local Security Checks,2023-03-11
156775,SUSE SLED15 / SLES15 Security Update : ghostscript (SUSE-SU-2022:0088-1),SuSE Local Security Checks,2023-03-11
156776,SUSE SLED15 / SLES15 Security Update : apache2 (SUSE-SU-2022:0091-1),SuSE Local Security Checks,2023-03-11
156777,SUSE SLES12 Security Update : kernel (SUSE-SU-2022:0090-1),SuSE Local Security Checks,2023-03-11
156805,SUSE SLES12 Security Update : nodejs14 (SUSE-SU-2022:0114-1),SuSE Local Security Checks,2023-03-11
156806,SUSE SLES12 Security Update : nodejs12 (SUSE-SU-2022:0101-1),SuSE Local Security Checks,2023-03-11
156807,SUSE SLES15 Security Update : java-1_8_0-ibm (SUSE-SU-2022:0108-1),SuSE Local Security Checks,2023-03-11
156808,SUSE SLES15 Security Update : apache2 (SUSE-SU-2022:0119-1),SuSE Local Security Checks,2023-03-11
156809,SUSE SLES15 Security Update : nodejs14 (SUSE-SU-2022:0112-1),SuSE Local Security Checks,2023-03-11
156810,SUSE SLES12 Security Update : virglrenderer (SUSE-SU-2022:0110-1),SuSE Local Security Checks,2023-03-11
156811,SUSE SLES12 Security Update : MozillaFirefox (SUSE-SU-2022:0115-1),SuSE Local Security Checks,2023-03-11
156812,SUSE SLES11 Security Update : java-1_7_1-ibm (SUSE-SU-2022:14875-1),SuSE Local Security Checks,2023-03-11
156813,SUSE SLES12 Security Update : java-1_8_0-ibm (SUSE-SU-2022:0107-1),SuSE Local Security Checks,2023-03-11
156814,SUSE SLED15 / SLES15 Security Update : SDL2 (SUSE-SU-2022:0104-1),SuSE Local Security Checks,2023-03-11
156815,SUSE SLES15 Security Update : virglrenderer (SUSE-SU-2022:0111-1),SuSE Local Security Checks,2023-03-11
156816,SUSE SLES12 Security Update : python-numpy (SUSE-SU-2022:0118-1),SuSE Local Security Checks,2023-03-11
156817,SUSE SLES15 Security Update : nodejs12 (SUSE-SU-2022:0113-1),SuSE Local Security Checks,2023-03-11
156860,Apache Log4j 1.x Multiple Vulnerabilities,Misc.,2023-03-14
156881,SUSE SLES15 Security Update : libvirt (SUSE-SU-2022:0128-1),SuSE Local Security Checks,2023-03-11
156882,SUSE SLES15 Security Update : kubevirt  virt-api-container  virt-controller-container  virt-handler-container  virt-launcher-container  virt-operator-container (SUSE-SU-2022:0130-1),SuSE Local Security Checks,2023-03-11
156883,SUSE SLED15 / SLES15 Security Update : kernel (SUSE-SU-2022:0131-1),SuSE Local Security Checks,2023-03-11
156919,SUSE SLES12 Security Update : aide (SUSE-SU-2022:0145-1),SuSE Local Security Checks,2023-03-11
156921,SUSE SLED15 / SLES15 Security Update : permissions (SUSE-SU-2022:0141-1),SuSE Local Security Checks,2023-03-11
156923,SUSE SLED15 / SLES15 Security Update : apache2 (SUSE-SU-2022:0091-2),SuSE Local Security Checks,2023-03-11
156924,SUSE SLED15 / SLES15 Security Update : busybox (SUSE-SU-2022:0135-1),SuSE Local Security Checks,2023-03-11
156925,SUSE SLES12 Security Update : webkit2gtk3 (SUSE-SU-2022:0142-1),SuSE Local Security Checks,2023-03-11
156926,SUSE SLES15 Security Update : MozillaFirefox (SUSE-SU-2022:0137-1),SuSE Local Security Checks,2023-03-11
156927,SUSE SLED15 / SLES15 Security Update : MozillaFirefox (SUSE-SU-2022:0136-1),SuSE Local Security Checks,2023-03-11
156928,SUSE SLED15 / SLES15 Security Update : cryptsetup (SUSE-SU-2022:0144-1),SuSE Local Security Checks,2023-03-11
156951,SUSE SLED15 / SLES15 Security Update : aide (SUSE-SU-2022:0150-1),SuSE Local Security Checks,2023-03-11
156952,SUSE SLED15 / SLES15 Security Update : rust1.56 (SUSE-SU-2022:0149-1),SuSE Local Security Checks,2023-03-11
156953,SUSE SLED15 / SLES15 Security Update : bind (SUSE-SU-2022:0151-1),SuSE Local Security Checks,2023-03-11
157070,SUSE SLED15 / SLES15 Security Update : qemu (SUSE-SU-2022:0177-1),SuSE Local Security Checks,2023-03-11
157072,SUSE SLED15 / SLES15 Security Update : rust1.55 (SUSE-SU-2022:0171-1),SuSE Local Security Checks,2023-03-11
157073,SUSE SLED12 / SLES12 Security Update : zxing-cpp (SUSE-SU-2022:0163-1),SuSE Local Security Checks,2023-03-11
157074,SUSE SLED15 / SLES15 Security Update : polkit (SUSE-SU-2022:0190-1),SuSE Local Security Checks,2023-03-11
157075,SUSE SLED12 / SLES12 Security Update : polkit (SUSE-SU-2022:0189-1),SuSE Local Security Checks,2023-03-11
157077,SUSE SLES11 Security Update : aide (SUSE-SU-2022:14879-1),SuSE Local Security Checks,2023-03-11
157078,SUSE SLED15 / SLES15 Security Update : unbound (SUSE-SU-2022:0176-1),SuSE Local Security Checks,2023-03-11
157079,SUSE SLED15 / SLES15 Security Update : rust1.57 (SUSE-SU-2022:0175-1),SuSE Local Security Checks,2023-03-11
157083,SUSE SLES12 Security Update : java-1_7_1-ibm (SUSE-SU-2022:0166-1),SuSE Local Security Checks,2023-03-11
157086,SUSE SLES11 Security Update : expat (SUSE-SU-2022:14878-1),SuSE Local Security Checks,2023-03-11
157087,SUSE SLES15 Security Update : kernel (SUSE-SU-2022:0169-1),SuSE Local Security Checks,2023-03-11
157090,SUSE SLED15 / SLES15 Security Update : zxing-cpp (SUSE-SU-2022:0157-1),SuSE Local Security Checks,2023-03-11
157094,SUSE SLES12 Security Update : clamav (SUSE-SU-2022:0160-1),SuSE Local Security Checks,2023-03-11
157098,SUSE SLES12 Security Update : expat (SUSE-SU-2022:0179-1),SuSE Local Security Checks,2023-03-11
157101,SUSE SLED15 / SLES15 Security Update : expat (SUSE-SU-2022:0178-1),SuSE Local Security Checks,2023-03-11
157102,SUSE SLED15 / SLES15 Security Update : json-c (SUSE-SU-2022:0184-1),SuSE Local Security Checks,2023-03-11
157103,SUSE SLED15 / SLES15 Security Update : webkit2gtk3 (SUSE-SU-2022:0182-1),SuSE Local Security Checks,2023-03-11
157105,SUSE SLES11 Security Update : MozillaFirefox (SUSE-SU-2022:14880-1),SuSE Local Security Checks,2023-03-11
157108,SUSE SLES15 Security Update : polkit (SUSE-SU-2022:0191-1),SuSE Local Security Checks,2023-03-11
157109,SUSE SLES15 Security Update : webkit2gtk3 (SUSE-SU-2022:0183-1),SuSE Local Security Checks,2023-03-11
157128,SUSE SLES12 Security Update : zsh (SUSE-SU-2022:0161-1),SuSE Local Security Checks,2023-03-11
157144,SUSE SLES15 Security Update : kernel (SUSE-SU-2022:0197-1),SuSE Local Security Checks,2023-03-11
157145,SUSE SLED15 / SLES15 Security Update : MozillaThunderbird (SUSE-SU-2022:0199-1),SuSE Local Security Checks,2023-03-11
157146,SUSE SLED15 / SLES15 Security Update : kernel (SUSE-SU-2022:0198-1),SuSE Local Security Checks,2023-03-11
157149,SUSE SLES15 Security Update : rust (SUSE-SU-2022:0200-1),SuSE Local Security Checks,2023-03-11
157150,SUSE SLES11 Security Update : clamav (SUSE-SU-2022:14882-1),SuSE Local Security Checks,2023-03-11
157151,SUSE SLES12 Security Update : strongswan (SUSE-SU-2022:0202-1),SuSE Local Security Checks,2023-03-11
157154,SUSE SLES11 Security Update : log4j (SUSE-SU-2022:14881-1),SuSE Local Security Checks,2023-03-11
157180,SUSE SLES15 Security Update : strongswan (SUSE-SU-2022:0211-1),SuSE Local Security Checks,2023-03-11
157188,SUSE SLES12 Security Update : containerd  docker (SUSE-SU-2022:0213-1),SuSE Local Security Checks,2023-03-11
157202,SUSE SLES12 Security Update : python-numpy (SUSE-SU-2022:0206-1),SuSE Local Security Checks,2023-03-11
157214,SUSE SLES15 Security Update : log4j (SUSE-SU-2022:0214-1),SuSE Local Security Checks,2023-03-11
157221,SUSE SLES12 Security Update : log4j (SUSE-SU-2022:0212-1),SuSE Local Security Checks,2023-03-11
157233,SUSE SLED15 / SLES15 Security Update : log4j12 (SUSE-SU-2022:0226-1),SuSE Local Security Checks,2023-03-11
157271,SUSE SLES15 Security Update : kernel (Live Patch 19 for SLE 15 SP2) (SUSE-SU-2022:0238-1),SuSE Local Security Checks,2023-03-11
157272,SUSE SLES12 / SLES15 Security Update : kernel (Live Patch 23 for SLE 12 SP4) (SUSE-SU-2022:0245-1),SuSE Local Security Checks,2023-03-11
157273,SUSE SLES12 Security Update : samba (SUSE-SU-2022:0252-1),SuSE Local Security Checks,2023-03-11
157276,SUSE SLES12 / SLES15 Security Update : kernel (Live Patch 20 for SLE 12 SP5) (SUSE-SU-2022:0246-1),SuSE Local Security Checks,2023-03-11
157278,SUSE SLES12 / SLES15 Security Update : kernel (Live Patch 16 for SLE 12 SP5) (SUSE-SU-2022:0234-1),SuSE Local Security Checks,2023-03-11
157279,SUSE SLES12 Security Update : kernel (Live Patch 24 for SLE 12 SP5) (SUSE-SU-2022:0242-1),SuSE Local Security Checks,2023-03-11
157280,SUSE SLES15 Security Update : kernel (Live Patch 23 for SLE 15) (SUSE-SU-2022:0243-1),SuSE Local Security Checks,2023-03-11
157281,SUSE SLES15 Security Update : kernel (Live Patch 21 for SLE 15 SP2) (SUSE-SU-2022:0239-1),SuSE Local Security Checks,2023-03-11
157282,SUSE SLES15 Security Update : kernel (Live Patch 14 for SLE 15 SP2) (SUSE-SU-2022:0241-1),SuSE Local Security Checks,2023-03-11
157283,SUSE SLES15 Security Update : kernel (Live Patch 24 for SLE 15) (SUSE-SU-2022:0237-1),SuSE Local Security Checks,2023-03-11
157298,SUSE SLES15 Security Update : kernel (Live Patch 2 for SLE 15 SP3) (SUSE-SU-2022:0257-1),SuSE Local Security Checks,2023-03-11
157300,SUSE SLES15 Security Update : kernel (Live Patch 10 for SLE 15 SP3) (SUSE-SU-2022:0262-1),SuSE Local Security Checks,2023-03-11
157301,SUSE SLES15 Security Update : kernel (Live Patch 22 for SLE 15) (SUSE-SU-2022:0255-1),SuSE Local Security Checks,2023-03-11
157302,SUSE SLES15 Security Update : kernel (Live Patch 6 for SLE 15 SP3) (SUSE-SU-2022:0270-1),SuSE Local Security Checks,2023-03-11
157303,SUSE SLES15 Security Update : samba (SUSE-SU-2022:0284-1),SuSE Local Security Checks,2023-03-11
157304,SUSE SLES15 Security Update : samba (SUSE-SU-2022:0287-1),SuSE Local Security Checks,2023-03-11
157306,SUSE SLES15 Security Update : kernel (Live Patch 12 for SLE 15 SP2) (SUSE-SU-2022:0254-1),SuSE Local Security Checks,2023-03-11
157307,SUSE SLED15 / SLES15 Security Update : samba (SUSE-SU-2022:0283-1),SuSE Local Security Checks,2023-03-11
157308,SUSE SLES12 / SLES15 Security Update : kernel (Live Patch 15 for SLE 12 SP5) (SUSE-SU-2022:0263-1),SuSE Local Security Checks,2023-03-11
157310,SUSE SLES12 Security Update : kernel (Live Patch 17 for SLE 12 SP5) (SUSE-SU-2022:0267-1),SuSE Local Security Checks,2023-03-11
157315,SUSE SLES12 Security Update : samba (SUSE-SU-2022:0271-1),SuSE Local Security Checks,2023-03-11
157334,SUSE SLES12 Security Update : kernel (Live Patch 20 for SLE 12 SP4) (SUSE-SU-2022:0298-1),SuSE Local Security Checks,2023-03-11
157341,SUSE SLES15 Security Update : kernel (Live Patch 13 for SLE 15 SP2) (SUSE-SU-2022:0292-1),SuSE Local Security Checks,2023-03-11
157343,SUSE SLES12 Security Update : kernel (Live Patch 18 for SLE 12 SP4) (SUSE-SU-2022:0296-1),SuSE Local Security Checks,2023-03-11
157344,SUSE SLES15 Security Update : kernel (Live Patch 10 for SLE 15 SP2) (SUSE-SU-2022:0291-1),SuSE Local Security Checks,2023-03-11
157345,SUSE SLES15 Security Update : kernel (Live Patch 0 for SLE 15 SP3) (SUSE-SU-2022:0293-1),SuSE Local Security Checks,2023-03-11
157346,SUSE SLES15 Security Update : kernel (Live Patch 1 for SLE 15 SP3) (SUSE-SU-2022:0295-1),SuSE Local Security Checks,2023-03-11
157347,SUSE SLES15 Security Update : unbound (SUSE-SU-2022:0301-1),SuSE Local Security Checks,2023-03-11
157373,SUSE SLES12 Security Update : samba (SUSE-SU-2022:0323-1),SuSE Local Security Checks,2023-03-11
157388,SUSE SLES15 Security Update : containerd  docker (SUSE-SU-2022:0334-1),SuSE Local Security Checks,2023-03-11
157389,SUSE SLES15 Security Update : xen (SUSE-SU-2022:0332-1),SuSE Local Security Checks,2023-03-11
157390,SUSE SLED15 / SLES15 Security Update : xen (SUSE-SU-2022:0333-1),SuSE Local Security Checks,2023-03-11
157391,SUSE SLED15 / SLES15 Security Update : glibc (SUSE-SU-2022:0330-1),SuSE Local Security Checks,2023-03-11
157392,SUSE SLES12 Security Update : kernel (Live Patch 39 for SLE 12 SP3) (SUSE-SU-2022:0327-1),SuSE Local Security Checks,2023-03-11
157393,SUSE SLES12 Security Update : kernel (Live Patch 41 for SLE 12 SP3) (SUSE-SU-2022:0329-1),SuSE Local Security Checks,2023-03-11
157394,SUSE SLES12 Security Update : xen (SUSE-SU-2022:0331-1),SuSE Local Security Checks,2023-03-11
157395,SUSE SLES12 Security Update : kernel (Live Patch 37 for SLE 12 SP3) (SUSE-SU-2022:0325-1),SuSE Local Security Checks,2023-03-11
157396,SUSE SLES12 Security Update : kernel (Live Patch 40 for SLE 12 SP3) (SUSE-SU-2022:0328-1),SuSE Local Security Checks,2023-03-11
157419,SUSE SLES12 Security Update : xen (SUSE-SU-2022:0342-1),SuSE Local Security Checks,2023-03-11
157868,SUSE SLES11 Security Update : expat (SUSE-SU-2022:14884-1),SuSE Local Security Checks,2023-03-11
157869,SUSE SLES12 Security Update : clamav (SUSE-SU-2022:0358-1),SuSE Local Security Checks,2023-03-11
157870,SUSE SLES12 Security Update : xen (SUSE-SU-2022:0359-1),SuSE Local Security Checks,2023-03-11
157894,SUSE SLES15 Security Update : kernel (SUSE-SU-2022:0366-1),SuSE Local Security Checks,2023-03-11
157895,SUSE SLES15 Security Update : kernel (SUSE-SU-2022:0367-1),SuSE Local Security Checks,2023-03-11
157897,SUSE SLES15 Security Update : kernel (SUSE-SU-2022:0365-1),SuSE Local Security Checks,2023-03-11
157898,SUSE SLES15 Security Update : kernel (SUSE-SU-2022:0363-1),SuSE Local Security Checks,2023-03-11
157899,SUSE SLED12 / SLES12 Security Update : kernel (SUSE-SU-2022:0364-1),SuSE Local Security Checks,2023-03-11
157900,SUSE SLES12 Security Update : kernel (SUSE-SU-2022:0362-1),SuSE Local Security Checks,2023-03-11
157929,SUSE SLES12 Security Update : kernel (SUSE-SU-2022:0372-1),SuSE Local Security Checks,2023-03-11
157932,SUSE SLED15 / SLES15 Security Update : kernel (SUSE-SU-2022:0370-1),SuSE Local Security Checks,2023-03-11
157939,SUSE SLES12 Security Update : kernel (SUSE-SU-2022:0371-1),SuSE Local Security Checks,2023-03-11
158060,SUSE SLES15 Security Update : busybox (SUSE-SU-2022:0135-2),SuSE Local Security Checks,2023-03-11
158061,SUSE SLES15 Security Update : openexr (SUSE-SU-2022:0062-2),SuSE Local Security Checks,2023-03-11
158062,SUSE SLED15 / SLES15 Security Update : wireshark (SUSE-SU-2022:0375-1),SuSE Local Security Checks,2023-03-11
158063,SUSE SLES15 Security Update : ghostscript (SUSE-SU-2022:0088-2),SuSE Local Security Checks,2023-03-11
158064,SUSE SLES15 Security Update : SDL2 (SUSE-SU-2022:0104-2),SuSE Local Security Checks,2023-03-11
158065,SUSE SLES15 Security Update : permissions (SUSE-SU-2022:0141-2),SuSE Local Security Checks,2023-03-11
158091,SUSE SLES15 Security Update : unbound (SUSE-SU-2022:0176-2),SuSE Local Security Checks,2023-03-11
158122,SUSE SLES15 Security Update : kernel (Live Patch 12 for SLE 15 SP3) (SUSE-SU-2022:0429-1),SuSE Local Security Checks,2023-03-11
158123,SUSE SLES12 / SLES15 Security Update : kernel (Live Patch 0 for SLE 15 SP3) (SUSE-SU-2022:0418-1),SuSE Local Security Checks,2023-03-11
158124,SUSE SLES15 Security Update : kernel (Live Patch 11 for SLE 15 SP3) (SUSE-SU-2022:0436-1),SuSE Local Security Checks,2023-03-11
158126,SUSE SLES12 Security Update : glibc (SUSE-SU-2022:0441-1),SuSE Local Security Checks,2023-03-11
158128,SUSE SLES12 Security Update : apache2 (SUSE-SU-2022:0440-1),SuSE Local Security Checks,2023-03-11
158136,SUSE SLES12 Security Update : xen (SUSE-SU-2022:0469-1),SuSE Local Security Checks,2023-03-11
158137,SUSE SLES15 Security Update : aide (SUSE-SU-2022:0150-2),SuSE Local Security Checks,2023-03-11
158138,SUSE SLED15 / SLES15 Security Update : tiff (SUSE-SU-2022:0480-1),SuSE Local Security Checks,2023-03-11
158139,SUSE SLES15 Security Update : webkit2gtk3 (SUSE-SU-2022:0182-2),SuSE Local Security Checks,2023-03-11
158140,SUSE SLES11 Security Update : xen (SUSE-SU-2022:14886-1),SuSE Local Security Checks,2023-03-11
158141,SUSE SLES15 Security Update : kernel (Live Patch 1 for SLE 15 SP3) (SUSE-SU-2022:0463-1),SuSE Local Security Checks,2023-03-11
158142,SUSE SLES15 Security Update : libsndfile (SUSE-SU-2022:0052-2),SuSE Local Security Checks,2023-03-11
158144,SUSE SLES15 Security Update : virglrenderer (SUSE-SU-2022:0479-1),SuSE Local Security Checks,2023-03-11
158146,SUSE SLES15 Security Update : libvirt (SUSE-SU-2022:0045-2),SuSE Local Security Checks,2023-03-11
158151,SUSE SLES15 Security Update : xen (SUSE-SU-2022:0468-1),SuSE Local Security Checks,2023-03-11
158152,SUSE SLES12 Security Update : kernel (SUSE-SU-2022:0477-1),SuSE Local Security Checks,2023-03-11
158153,SUSE SLES12 Security Update : virglrenderer (SUSE-SU-2022:0478-1),SuSE Local Security Checks,2023-03-11
158155,SUSE SLES15 Security Update : xen (SUSE-SU-2022:0467-1),SuSE Local Security Checks,2023-03-11
158156,SUSE SLES15 Security Update : json-c (SUSE-SU-2022:0184-2),SuSE Local Security Checks,2023-03-11
158172,SUSE SLES11 Security Update : strongswan (SUSE-SU-2022:14887-1),SuSE Local Security Checks,2023-03-11
158173,SUSE SLES12 Security Update : tcpdump (SUSE-SU-2022:0505-1),SuSE Local Security Checks,2023-03-11
158174,SUSE SLES15 Security Update : libmspack (SUSE-SU-2022:0069-2),SuSE Local Security Checks,2023-03-11
158175,SUSE SLES15 Security Update : qemu (SUSE-SU-2022:0210-2),SuSE Local Security Checks,2023-03-11
158176,SUSE SLED15 / SLES15 Security Update : xerces-j2 (SUSE-SU-2022:0503-1),SuSE Local Security Checks,2023-03-11
158178,SUSE SLES11 Security Update : tiff (SUSE-SU-2022:14888-1),SuSE Local Security Checks,2023-03-11
158179,SUSE SLES15 Security Update : xerces-j2 (SUSE-SU-2022:0500-1),SuSE Local Security Checks,2023-03-11
158180,SUSE SLES15 Security Update : ucode-intel (SUSE-SU-2022:0502-1),SuSE Local Security Checks,2023-03-11
158181,SUSE SLES12 Security Update : expat (SUSE-SU-2022:0495-1),SuSE Local Security Checks,2023-03-11
158182,SUSE SLES12 Security Update : wpa_supplicant (SUSE-SU-2022:0504-1),SuSE Local Security Checks,2023-03-11
158183,SUSE SLED15 / SLES15 Security Update : python-Twisted (SUSE-SU-2022:0499-1),SuSE Local Security Checks,2023-03-11
158184,SUSE SLES15 Security Update : rust (SUSE-SU-2022:0491-1),SuSE Local Security Checks,2023-03-11
158185,SUSE SLED15 / SLES15 Security Update : strongswan (SUSE-SU-2022:0492-1),SuSE Local Security Checks,2023-03-11
158186,SUSE SLED15 / SLES15 Security Update : clamav (SUSE-SU-2022:0493-1),SuSE Local Security Checks,2023-03-11
158187,SUSE SLES11 Security Update : cobbler (SUSE-SU-2022:14891-1),SuSE Local Security Checks,2023-03-11
158188,SUSE SLES11 Security Update : tcpdump (SUSE-SU-2022:14890-1),SuSE Local Security Checks,2023-03-11
158189,SUSE SLES12 Security Update : tiff (SUSE-SU-2022:0496-1),SuSE Local Security Checks,2023-03-11
158190,SUSE SLED15 / SLES15 Security Update : expat (SUSE-SU-2022:0498-1),SuSE Local Security Checks,2023-03-11
158194,SUSE SLES11 Security Update : xerces-j2 (SUSE-SU-2022:14889-1),SuSE Local Security Checks,2023-03-11
158221,SUSE SLES12 Security Update : nodejs12 (SUSE-SU-2022:0531-1),SuSE Local Security Checks,2023-03-11
158226,SUSE SLED15 / SLES15 Security Update : polkit (SUSE-SU-2022:0525-1),SuSE Local Security Checks,2023-03-11
158227,SUSE SLED15 / SLES15 Security Update : ImageMagick (SUSE-SU-2022:0540-1),SuSE Local Security Checks,2023-03-11
158228,SUSE SLES15 Security Update : kubevirt  virt-api-container  virt-controller-container  virt-handler-container  virt-launcher-container  virt-libguestfs-tools-container  virt-operator-container (SUSE-SU-2022:0526-1),SuSE Local Security Checks,2023-03-11
158229,SUSE SLES12 Security Update : xerces-j2 (SUSE-SU-2022:0542-1),SuSE Local Security Checks,2023-03-11
158230,SUSE SLED15 / SLES15 Security Update : systemd (SUSE-SU-2022:0539-1),SuSE Local Security Checks,2023-03-11
158233,SUSE SLED12 / SLES12 Security Update : polkit (SUSE-SU-2022:0524-1),SuSE Local Security Checks,2023-03-11
158242,SUSE SLES15 Security Update : ucode-intel (SUSE-SU-2022:0541-1),SuSE Local Security Checks,2023-03-11
158244,SUSE SLES12 Security Update : php74 (SUSE-SU-2022:0530-1),SuSE Local Security Checks,2023-03-11
158336,SUSE SLES12 Security Update : kernel (Live Patch 37 for SLE 12 SP3) (SUSE-SU-2022:0552-1),SuSE Local Security Checks,2023-03-11
158337,SUSE SLES12 Security Update : the Linux RT Kernel (SUSE-SU-2022:0555-1),SuSE Local Security Checks,2023-03-11
158338,SUSE SLES11 Security Update : cyrus-sasl (SUSE-SU-2022:14894-1),SuSE Local Security Checks,2023-03-11
158339,SUSE SLED15 / SLES15 Security Update : MozillaThunderbird (SUSE-SU-2022:0559-1),SuSE Local Security Checks,2023-03-11
158357,SUSE SLES15 Security Update : nodejs8 (SUSE-SU-2022:0563-1),SuSE Local Security Checks,2023-03-11
158358,SUSE SLED15 / SLES15 Security Update : jasper (SUSE-SU-2022:0562-1),SuSE Local Security Checks,2023-03-11
158395,SUSE SLES12 Security Update : nodejs10 (SUSE-SU-2022:0570-1),SuSE Local Security Checks,2023-03-11
158415,SUSE SLES12 Security Update : MozillaFirefox (SUSE-SU-2022:0565-1),SuSE Local Security Checks,2023-03-11
158429,SUSE SLES11 Security Update : MozillaFirefox (SUSE-SU-2022:14896-1),SuSE Local Security Checks,2023-03-11
158430,SUSE SLES12 Security Update : jasper (SUSE-SU-2022:0561-1),SuSE Local Security Checks,2023-03-11
158433,SUSE SLES12 Security Update : nodejs14 (SUSE-SU-2022:0569-1),SuSE Local Security Checks,2023-03-11
158445,SUSE SLES12 Security Update : ucode-intel (SUSE-SU-2022:0575-1),SuSE Local Security Checks,2023-03-11
158446,SUSE SLED15 / SLES15 Security Update : ucode-intel (SUSE-SU-2022:0574-1),SuSE Local Security Checks,2023-03-11
158447,SUSE SLES12 Security Update : ucode-intel (SUSE-SU-2022:0576-1),SuSE Local Security Checks,2023-03-11
158448,SUSE SLES12 Security Update : php72 (SUSE-SU-2022:0577-1),SuSE Local Security Checks,2023-03-11
158503,SUSE SLES12 / SLES15 Security Update : kernel (Live Patch 16 for SLE 12 SP5) (SUSE-SU-2022:0647-1),SuSE Local Security Checks,2023-03-11
158506,SUSE SLES12 Security Update : cyrus-sasl (SUSE-SU-2022:0653-1),SuSE Local Security Checks,2023-03-11
158568,SUSE SLES15 Security Update : MozillaFirefox (SUSE-SU-2022:0676-1),SuSE Local Security Checks,2023-03-11
158569,SUSE SLES12 / SLES15 Security Update : kernel (Live Patch 21 for SLE 12 SP4) (SUSE-SU-2022:0667-1),SuSE Local Security Checks,2023-03-11
158570,SUSE SLES15 Security Update : nodejs12 (SUSE-SU-2022:0657-1),SuSE Local Security Checks,2023-03-11
158571,SUSE SLES12 Security Update : gnutls (SUSE-SU-2022:0677-1),SuSE Local Security Checks,2023-03-11
158579,SUSE SLES12 Security Update : kernel (Live Patch 42 for SLE 12 SP3) (SUSE-SU-2022:0668-1),SuSE Local Security Checks,2023-03-11
158580,SUSE SLES12 Security Update : gnutls (SUSE-SU-2022:0678-1),SuSE Local Security Checks,2023-03-11
158581,SUSE SLED15 / SLES15 Security Update : ldns (SUSE-SU-2022:0675-1),SuSE Local Security Checks,2023-03-11
158582,SUSE SLES15 Security Update : php7 (SUSE-SU-2022:0679-1),SuSE Local Security Checks,2023-03-11
158593,SUSE SLED15 / SLES15 Security Update : vim (SUSE-SU-2022:0736-1),SuSE Local Security Checks,2023-03-11
158594,SUSE SLED15 / SLES15 Security Update : flatpak (SUSE-SU-2022:0712-1),SuSE Local Security Checks,2023-03-11
158595,SUSE SLED15 / SLES15 Security Update : go1.16 (SUSE-SU-2022:0724-1),SuSE Local Security Checks,2023-03-11
158596,SUSE SLED15 / SLES15 Security Update : go1.17 (SUSE-SU-2022:0723-1),SuSE Local Security Checks,2023-03-11
158597,SUSE SLED15 / SLES15 Security Update : webkit2gtk3 (SUSE-SU-2022:0705-1),SuSE Local Security Checks,2023-03-11
158598,SUSE SLED15 / SLES15 Security Update : expat (SUSE-SU-2022:0713-1),SuSE Local Security Checks,2023-03-11
158599,SUSE SLES15 Security Update : mariadb (SUSE-SU-2022:0725-1),SuSE Local Security Checks,2023-03-11
158600,SUSE SLES11 Security Update : libxml2 (SUSE-SU-2022:14904-1),SuSE Local Security Checks,2023-03-11
158601,SUSE SLES12 Security Update : expat (SUSE-SU-2022:0698-1),SuSE Local Security Checks,2023-03-11
158602,SUSE SLES15 Security Update : tomcat (SUSE-SU-2022:0695-1),SuSE Local Security Checks,2023-03-11
158603,SUSE SLES15 Security Update : tomcat (SUSE-SU-2022:0694-1),SuSE Local Security Checks,2023-03-11
158604,SUSE SLES11 Security Update : expat (SUSE-SU-2022:14903-1),SuSE Local Security Checks,2023-03-11
158605,SUSE SLES15 Security Update : zsh (SUSE-SU-2022:0732-1),SuSE Local Security Checks,2023-03-11
158606,SUSE SLES15 Security Update : kernel-firmware (SUSE-SU-2022:0721-1),SuSE Local Security Checks,2023-03-11
158607,SUSE SLED15 / SLES15 Security Update : wpa_supplicant (SUSE-SU-2022:0716-1),SuSE Local Security Checks,2023-03-11
158608,SUSE SLED15 / SLES15 Security Update : libeconf  shadow and util-linux (SUSE-SU-2022:0727-1),SuSE Local Security Checks,2023-03-11
158609,SUSE SLES15 Security Update : nodejs14 (SUSE-SU-2022:0715-1),SuSE Local Security Checks,2023-03-11
158610,SUSE SLES15 Security Update : webkit2gtk3 (SUSE-SU-2022:0703-1),SuSE Local Security Checks,2023-03-11
158611,SUSE SLED15 / SLES15 Security Update : zsh (SUSE-SU-2022:0735-1),SuSE Local Security Checks,2023-03-11
158612,SUSE SLED15 / SLES15 Security Update : MozillaFirefox (SUSE-SU-2022:0696-1),SuSE Local Security Checks,2023-03-11
158613,SUSE SLES15 Security Update : mariadb (SUSE-SU-2022:0726-1),SuSE Local Security Checks,2023-03-11
158614,SUSE SLED12 / SLES12 Security Update : cyrus-sasl (SUSE-SU-2022:0693-1),SuSE Local Security Checks,2023-03-11
158615,SUSE SLED15 / SLES15 Security Update : gnutls (SUSE-SU-2022:0717-1),SuSE Local Security Checks,2023-03-11
158616,SUSE SLES15 Security Update : cyrus-sasl (SUSE-SU-2022:0702-1),SuSE Local Security Checks,2023-03-11
158618,SUSE SLES12 Security Update : zsh (SUSE-SU-2022:0733-1),SuSE Local Security Checks,2023-03-11
158619,SUSE SLED15 / SLES15 Security Update : wireshark (SUSE-SU-2022:0722-1),SuSE Local Security Checks,2023-03-11
158620,SUSE SLES12 Security Update : webkit2gtk3 (SUSE-SU-2022:0690-1),SuSE Local Security Checks,2023-03-11
158621,SUSE SLES15 Security Update : nodejs8 (SUSE-SU-2022:0704-1),SuSE Local Security Checks,2023-03-11
158622,SUSE SLES12 Security Update : java-11-openjdk (SUSE-SU-2022:0730-1),SuSE Local Security Checks,2023-03-11
158748,SUSE SLES12 Security Update : kernel (SUSE-SU-2022:0762-1),SuSE Local Security Checks,2023-03-11
158749,SUSE SLES11 Security Update : kernel (SUSE-SU-2022:14905-1),SuSE Local Security Checks,2023-03-11
158750,SUSE SLES15 Security Update : libcaca (SUSE-SU-2022:0754-1),SuSE Local Security Checks,2023-03-11
158751,SUSE SLES15 Security Update : kernel (SUSE-SU-2022:0768-1),SuSE Local Security Checks,2023-03-11
158752,SUSE SLED12 / SLES12 Security Update : kernel (SUSE-SU-2022:0767-1),SuSE Local Security Checks,2023-03-11
158753,SUSE SLES15 Security Update : kernel (SUSE-SU-2022:0759-1),SuSE Local Security Checks,2023-03-11
158754,SUSE SLES12 Security Update : kernel (SUSE-SU-2022:0765-1),SuSE Local Security Checks,2023-03-11
158755,SUSE SLES15 Security Update : kernel (SUSE-SU-2022:0766-1),SuSE Local Security Checks,2023-03-11
158756,SUSE SLES12 Security Update : kernel (SUSE-SU-2022:0756-1),SuSE Local Security Checks,2023-03-11
158757,SUSE SLES12 Security Update : kernel (SUSE-SU-2022:0761-1),SuSE Local Security Checks,2023-03-11
158758,SUSE SLES12 Security Update : kernel (SUSE-SU-2022:0757-1),SuSE Local Security Checks,2023-03-11
158763,SUSE SLED15 / SLES15 Security Update : tcpdump (SUSE-SU-2022:0774-1),SuSE Local Security Checks,2023-03-11
158765,SUSE SLED15 / SLES15 Security Update : libcaca (SUSE-SU-2022:0769-1),SuSE Local Security Checks,2023-03-11
158766,SUSE SLES15 Security Update : MozillaFirefox (SUSE-SU-2022:0778-1),SuSE Local Security Checks,2023-03-11
158768,SUSE SLED15 / SLES15 Security Update : MozillaFirefox (SUSE-SU-2022:0783-1),SuSE Local Security Checks,2023-03-11
158769,SUSE SLES15 Security Update : tomcat (SUSE-SU-2022:0779-1),SuSE Local Security Checks,2023-03-11
158770,SUSE SLES12 Security Update : tomcat (SUSE-SU-2022:0784-1),SuSE Local Security Checks,2023-03-11
158771,SUSE SLES12 Security Update : mariadb (SUSE-SU-2022:0782-1),SuSE Local Security Checks,2023-03-11
158772,SUSE SLES12 Security Update : MozillaFirefox (SUSE-SU-2022:0777-1),SuSE Local Security Checks,2023-03-11
158798,SUSE SLED15 / SLES15 Security Update : python-libxml2-python (SUSE-SU-2022:0802-1),SuSE Local Security Checks,2023-03-11
158799,SUSE SLED15 / SLES15 Security Update : python-lxml (SUSE-SU-2022:0803-1),SuSE Local Security Checks,2023-03-11
158801,SUSE SLES15 Security Update : openssh (SUSE-SU-2022:0805-1),SuSE Local Security Checks,2023-03-11
158880,SUSE SLES15 Security Update : tomcat (SUSE-SU-2022:0810-1),SuSE Local Security Checks,2023-03-11
158885,SUSE SLES12 Security Update : webkit2gtk3 (SUSE-SU-2022:0811-1),SuSE Local Security Checks,2023-03-11
158908,SUSE SLED15 / SLES15 Security Update : xstream (SUSE-SU-2022:0817-1),SuSE Local Security Checks,2023-03-11
158909,SUSE SLES15 Security Update : glibc (SUSE-SU-2022:0832-1),SuSE Local Security Checks,2023-03-11
158910,SUSE SLES15 Security Update : MozillaFirefox (SUSE-SU-2022:0819-1),SuSE Local Security Checks,2023-03-11
158911,SUSE SLES15 Security Update : sssd (SUSE-SU-2022:0826-1),SuSE Local Security Checks,2023-03-11
158915,SUSE SLES15 Security Update : tomcat (SUSE-SU-2022:0818-1),SuSE Local Security Checks,2023-03-11
158916,SUSE SLED15 / SLES15 Security Update : flac (SUSE-SU-2022:0815-1),SuSE Local Security Checks,2023-03-11
158917,SUSE SLES15 Security Update : SDL2 (SUSE-SU-2022:0825-1),SuSE Local Security Checks,2023-03-11
158919,SUSE SLED15 / SLES15 Security Update : MozillaFirefox (SUSE-SU-2022:0821-1),SuSE Local Security Checks,2023-03-11
158920,SUSE SLED15 / SLES15 Security Update : java-11-openjdk (SUSE-SU-2022:0816-1),SuSE Local Security Checks,2023-03-11
158925,SUSE SLES12 Security Update : MozillaFirefox (SUSE-SU-2022:0822-1),SuSE Local Security Checks,2023-03-11
158926,SUSE SLES12 Security Update : libcaca (SUSE-SU-2022:0820-1),SuSE Local Security Checks,2023-03-11
158955,SUSE SLES12 Security Update : expat (SUSE-SU-2022:0842-1),SuSE Local Security Checks,2023-03-11
158957,SUSE SLED15 / SLES15 Security Update : libqt5-qtbase (SUSE-SU-2022:0841-1),SuSE Local Security Checks,2023-03-11
158958,SUSE SLES12 Security Update : compat-openssl098 (SUSE-SU-2022:0859-1),SuSE Local Security Checks,2023-03-11
158960,SUSE SLES15 Security Update : openssl-1_1 (SUSE-SU-2022:0851-1),SuSE Local Security Checks,2023-03-11
158961,SUSE SLED15 / SLES15 Security Update : expat (SUSE-SU-2022:0844-1),SuSE Local Security Checks,2023-03-11
158963,SUSE SLED15 / SLES15 Security Update : php7 (SUSE-SU-2022:0847-1),SuSE Local Security Checks,2023-03-11
158964,SUSE SLES15 Security Update : openssl-1_0_0 (SUSE-SU-2022:0856-1),SuSE Local Security Checks,2023-03-11
158966,SUSE SLED15 / SLES15 Security Update : chrony (SUSE-SU-2022:0845-1),SuSE Local Security Checks,2023-03-11
158967,SUSE SLES12 Security Update : openssl (SUSE-SU-2022:0854-1),SuSE Local Security Checks,2023-03-11
158969,SUSE SLES15 Security Update : openssl-1_1 (SUSE-SU-2022:0853-1),SuSE Local Security Checks,2023-03-11
159012,SUSE SLED12 / SLES12 Security Update : flac (SUSE-SU-2022:0814-1),SuSE Local Security Checks,2023-03-11
159013,SUSE SLES12 Security Update : openssl-1_1 (SUSE-SU-2022:0860-1),SuSE Local Security Checks,2023-03-11
159014,SUSE SLES11 Security Update : squid (SUSE-SU-2022:14908-1),SuSE Local Security Checks,2023-03-11
159017,SUSE SLES11 Security Update : MozillaFirefox (SUSE-SU-2022:14906-1),SuSE Local Security Checks,2023-03-11
159018,SUSE SLED12 / SLES12 Security Update : glib2 (SUSE-SU-2022:0828-1),SuSE Local Security Checks,2023-03-11
159019,SUSE SLES15 Security Update : java-1_8_0-openjdk (SUSE-SU-2022:0873-1),SuSE Local Security Checks,2023-03-11
159021,SUSE SLES11 Security Update : libcaca (SUSE-SU-2022:14909-1),SuSE Local Security Checks,2023-03-11
159023,SUSE SLES11 Security Update : openssl1 (SUSE-SU-2022:14916-1),SuSE Local Security Checks,2023-03-11
159025,SUSE SLES11 Security Update : zsh (SUSE-SU-2022:14910-1),SuSE Local Security Checks,2023-03-11
159027,SUSE SLES12 Security Update : openssl-1_0_0 (SUSE-SU-2022:0857-1),SuSE Local Security Checks,2023-03-11
159028,SUSE SLES12 Security Update : atftp (SUSE-SU-2022:0881-1),SuSE Local Security Checks,2023-03-11
159029,SUSE SLES15 Security Update : stunnel (SUSE-SU-2022:0872-1),SuSE Local Security Checks,2023-03-11
159031,SUSE SLES12 Security Update : python3 (SUSE-SU-2022:0882-1),SuSE Local Security Checks,2023-03-11
159032,SUSE SLES11 Security Update : openssl (SUSE-SU-2022:14915-1),SuSE Local Security Checks,2023-03-11
159033,SUSE SLES11 Security Update : squid3 (SUSE-SU-2022:14914-1),SuSE Local Security Checks,2023-03-11
159034,SUSE SLES12 Security Update : java-1_8_0-openjdk (SUSE-SU-2022:0871-1),SuSE Local Security Checks,2023-03-11
159062,SUSE SLES12 Security Update : python-lxml (SUSE-SU-2022:0895-1),SuSE Local Security Checks,2023-03-11
159127,SUSE SLED15 / SLES15 Security Update : lapack (SUSE-SU-2022:0915-1),SuSE Local Security Checks,2023-03-11
159128,SUSE SLES12 Security Update : bind (SUSE-SU-2022:0908-1),SuSE Local Security Checks,2023-03-11
159129,SUSE SLES12 Security Update : apache2 (SUSE-SU-2022:0928-1),SuSE Local Security Checks,2023-03-11
159130,SUSE SLES12 Security Update : glibc (SUSE-SU-2022:0909-1),SuSE Local Security Checks,2023-03-11
159131,SUSE SLES12 Security Update : apache2 (SUSE-SU-2022:0918-1),SuSE Local Security Checks,2023-03-11
159133,SUSE SLES15 Security Update : net-snmp (SUSE-SU-2022:0050-2),SuSE Local Security Checks,2023-03-11
159134,SUSE SLES11 Security Update : glibc (SUSE-SU-2022:14923-1),SuSE Local Security Checks,2023-03-11
159135,SUSE SLES11 Security Update : apache2 (SUSE-SU-2022:14924-1),SuSE Local Security Checks,2023-03-11
159136,SUSE SLES12 Security Update : kernel-firmware (SUSE-SU-2022:0910-1),SuSE Local Security Checks,2023-03-11
159146,SUSE SLES15 Security Update : kernel (Live Patch 14 for SLE 15 SP3) (SUSE-SU-2022:0615-1),SuSE Local Security Checks,2023-03-11
159147,SUSE SLED15 / SLES15 Security Update : rust  rust1.58  rust1.59 (SUSE-SU-2022:0843-1),SuSE Local Security Checks,2023-03-11
159148,SUSE SLES15 Security Update : mariadb (SUSE-SU-2022:0731-1),SuSE Local Security Checks,2023-03-11
159149,SUSE SLES15 Security Update : kernel (Live Patch 10 for SLE 15 SP3) (SUSE-SU-2022:0660-1),SuSE Local Security Checks,2023-03-11
159150,SUSE SLES15 Security Update : kernel (Live Patch 0 for SLE 15 SP3) (SUSE-SU-2022:0619-1),SuSE Local Security Checks,2023-03-11
159151,SUSE SLED15 / SLES15 Security Update : cyrus-sasl (SUSE-SU-2022:0743-1),SuSE Local Security Checks,2023-03-11
159152,SUSE SLED15 / SLES15 Security Update : MozillaThunderbird (SUSE-SU-2022:0804-1),SuSE Local Security Checks,2023-03-11
159153,SUSE SLES12 Security Update : python-Twisted (SUSE-SU-2022:0734-1),SuSE Local Security Checks,2023-03-11
159154,SUSE SLES15 Security Update : containerd (SUSE-SU-2022:0720-1),SuSE Local Security Checks,2023-03-11
159155,SUSE SLES12 Security Update : containerd (SUSE-SU-2022:0719-1),SuSE Local Security Checks,2023-03-11
159159,SUSE SLED15 / SLES15 Security Update : php7 (SUSE-SU-2022:0699-1),SuSE Local Security Checks,2023-03-11
159161,SUSE SLES15 Security Update : frr (SUSE-SU-2022:0901-1),SuSE Local Security Checks,2023-03-11
159162,SUSE SLES15 Security Update : buildah (SUSE-SU-2022:0770-1),SuSE Local Security Checks,2023-03-11
159163,SUSE SLED15 / SLES15 Security Update : MozillaThunderbird (SUSE-SU-2022:0906-1),SuSE Local Security Checks,2023-03-11
159164,SUSE SLED15 / SLES15 Security Update : kernel (SUSE-SU-2022:0760-1),SuSE Local Security Checks,2023-03-11
159170,SUSE SLES12 Security Update : php74 (SUSE-SU-2022:0654-1),SuSE Local Security Checks,2023-03-11
159171,SUSE SLED15 / SLES15 Security Update : libreoffice (SUSE-SU-2022:0886-1),SuSE Local Security Checks,2023-03-11
159172,SUSE SLED15 / SLES15 Security Update : qemu (SUSE-SU-2022:0930-1),SuSE Local Security Checks,2023-03-11
159174,SUSE SLES15 Security Update : xen (SUSE-SU-2022:0931-1),SuSE Local Security Checks,2023-03-11
159175,SUSE SLES15 Security Update : binutils (SUSE-SU-2022:0934-1),SuSE Local Security Checks,2023-03-11
159176,SUSE SLES15 Security Update : kernel-firmware (SUSE-SU-2022:0933-1),SuSE Local Security Checks,2023-03-11
159177,SUSE SLES15 Security Update : apache2 (SUSE-SU-2022:0929-1),SuSE Local Security Checks,2023-03-11
159178,SUSE SLES15 Security Update : kernel (SUSE-SU-2022:0755-1),SuSE Local Security Checks,2023-03-11
159179,SUSE SLES12 Security Update : nodejs12 (SUSE-SU-2022:0935-1),SuSE Local Security Checks,2023-03-11
159188,SUSE SLES12 Security Update : xen (SUSE-SU-2022:0939-1),SuSE Local Security Checks,2023-03-11
159190,SUSE SLES11 Security Update : java-1_7_1-ibm (SUSE-SU-2022:14927-1),SuSE Local Security Checks,2023-03-11
159191,SUSE SLED15 / SLES15 Security Update : xen (SUSE-SU-2022:0940-1),SuSE Local Security Checks,2023-03-11
159193,SUSE SLES12 Security Update : lapack (SUSE-SU-2022:0913-1),SuSE Local Security Checks,2023-03-11
159227,SUSE SLES15 Security Update : samba (SUSE-SU-2022:0251-1),SuSE Local Security Checks,2023-03-11
159228,SUSE SLED15 / SLES15 Security Update : libarchive (SUSE-SU-2022:0944-1),SuSE Local Security Checks,2023-03-11
159230,SUSE SLES15 Security Update : slirp4netns (SUSE-SU-2022:0943-1),SuSE Local Security Checks,2023-03-11
159231,SUSE SLED15 / SLES15 Security Update : bind (SUSE-SU-2022:0945-1),SuSE Local Security Checks,2023-03-11
159232,SUSE SLED15 / SLES15 Security Update : python3 (SUSE-SU-2022:0942-1),SuSE Local Security Checks,2023-03-11
159233,SUSE SLES15 Security Update : bind (SUSE-SU-2022:0946-1),SuSE Local Security Checks,2023-03-11
159278,SUSE SLED15 / SLES15 Security Update : wavpack (SUSE-SU-2022:0954-1),SuSE Local Security Checks,2023-03-11
159279,SUSE SLED15 / SLES15 Security Update : perl-DBD-SQLite (SUSE-SU-2022:0953-1),SuSE Local Security Checks,2023-03-11
159333,SUSE SLES12 Security Update : kernel (Live Patch 43 for SLE 12 SP3) (SUSE-SU-2022:1003-1),SuSE Local Security Checks,2023-03-11
159334,SUSE SLES15 Security Update : java-1_8_0-ibm (SUSE-SU-2022:1027-1),SuSE Local Security Checks,2023-03-11
159335,SUSE SLED15 / SLES15 Security Update : openvpn (SUSE-SU-2022:1029-1),SuSE Local Security Checks,2023-03-11
159336,SUSE SLED15 / SLES15 Security Update : apache2 (SUSE-SU-2022:1031-1),SuSE Local Security Checks,2023-03-11
159337,SUSE SLES15 Security Update : kernel (Live Patch 0 for SLE 15 SP3) (SUSE-SU-2022:0978-1),SuSE Local Security Checks,2023-03-11
159338,SUSE SLES12 / SLES15 Security Update : kernel (Live Patch 13 for SLE 15 SP2) (SUSE-SU-2022:1012-1),SuSE Local Security Checks,2023-03-11
159339,SUSE SLES15 Security Update : kernel (Live Patch 10 for SLE 15 SP3) (SUSE-SU-2022:0984-1),SuSE Local Security Checks,2023-03-11
159340,SUSE SLES12 Security Update : java-1_7_1-ibm (SUSE-SU-2022:1025-1),SuSE Local Security Checks,2023-03-11
159341,SUSE SLES15 Security Update : kernel (Live Patch 11 for SLE 15 SP3) (SUSE-SU-2022:0998-1),SuSE Local Security Checks,2023-03-11
159342,SUSE SLES15 Security Update : kernel (Live Patch 25 for SLE 15 SP2) (SUSE-SU-2022:0996-1),SuSE Local Security Checks,2023-03-11
159343,SUSE SLES12 Security Update : zlib (SUSE-SU-2022:1023-1),SuSE Local Security Checks,2023-03-11
159344,SUSE SLES12 / SLES15 Security Update : kernel (Live Patch 17 for SLE 15 SP2) (SUSE-SU-2022:0991-1),SuSE Local Security Checks,2023-03-11
159345,SUSE SLES12 Security Update : openvpn (SUSE-SU-2022:1024-1),SuSE Local Security Checks,2023-03-11
159349,SUSE SLES15 Security Update : opensc (SUSE-SU-2022:1041-1),SuSE Local Security Checks,2023-03-11
159350,SUSE SLED15 / SLES15 Security Update : salt (SUSE-SU-2022:1059-1),SuSE Local Security Checks,2023-03-11
159351,SUSE SLES15 Security Update : salt (SUSE-SU-2022:1060-1),SuSE Local Security Checks,2023-03-11
159352,SUSE SLES15 Security Update : kernel (Live Patch 15 for SLE 15 SP3) (SUSE-SU-2022:1034-1),SuSE Local Security Checks,2023-03-11
159354,SUSE SLES15 Security Update : salt (SUSE-SU-2022:1057-1),SuSE Local Security Checks,2023-03-11
159355,SUSE SLED15 / SLES15 Security Update : protobuf (SUSE-SU-2022:1040-1),SuSE Local Security Checks,2023-03-11
159356,SUSE SLES15 Security Update : salt (SUSE-SU-2022:1058-1),SuSE Local Security Checks,2023-03-11
159357,SUSE SLES15 Security Update : kernel (SUSE-SU-2022:1037-1),SuSE Local Security Checks,2023-03-11
159358,SUSE SLES15 Security Update : kernel (Live Patch 12 for SLE 15 SP2) (SUSE-SU-2022:1035-1),SuSE Local Security Checks,2023-03-11
159360,SUSE SLED15 / SLES15 Security Update : zlib (SUSE-SU-2022:1061-1),SuSE Local Security Checks,2023-03-11
159366,SUSE SLED15 / SLES15 Security Update : kernel (SUSE-SU-2022:1039-1),SuSE Local Security Checks,2023-03-11
159367,SUSE SLES12 Security Update : zlib (SUSE-SU-2022:1062-1),SuSE Local Security Checks,2023-03-11
159368,SUSE SLES12 Security Update : zlib (SUSE-SU-2022:1043-1),SuSE Local Security Checks,2023-03-11
159369,SUSE SLES12 Security Update : kernel (Live Patch 42 for SLE 12 SP3) (SUSE-SU-2022:1036-1),SuSE Local Security Checks,2023-03-11
159370,SUSE SLES12 Security Update : salt (SUSE-SU-2022:1051-1),SuSE Local Security Checks,2023-03-11
159371,SUSE SLES12 Security Update : python3 (SUSE-SU-2022:1044-1),SuSE Local Security Checks,2023-03-11
159388,SUSE SLES11 Security Update : expat (SUSE-SU-2022:14934-1),SuSE Local Security Checks,2023-03-11
159389,SUSE SLED15 / SLES15 Security Update : python2-numpy (SUSE-SU-2022:1064-1),SuSE Local Security Checks,2023-03-11
159391,SUSE SLED15 / SLES15 Security Update : kernel-firmware (SUSE-SU-2022:1065-1),SuSE Local Security Checks,2023-03-11
159396,SUSE SLES11 Security Update : zlib (SUSE-SU-2022:14929-1),SuSE Local Security Checks,2023-03-11
159475,SUSE SLED15 / SLES15 Security Update : python (SUSE-SU-2022:1091-1),SuSE Local Security Checks,2023-03-11
159476,SUSE SLED12 / SLES12 Security Update : yaml-cpp (SUSE-SU-2022:1072-1),SuSE Local Security Checks,2023-03-11
159479,SUSE SLED15 / SLES15 Security Update : yaml-cpp (SUSE-SU-2022:1073-1),SuSE Local Security Checks,2023-03-11
159498,SUSE SLES15 Security Update : util-linux (SUSE-SU-2022:1108-1),SuSE Local Security Checks,2023-03-11
159499,SUSE SLES15 Security Update : 389-ds (SUSE-SU-2022:1100-1),SuSE Local Security Checks,2023-03-11
159500,SUSE SLES12 Security Update : util-linux (SUSE-SU-2022:1105-1),SuSE Local Security Checks,2023-03-11
159501,SUSE SLES15 Security Update : 389-ds (SUSE-SU-2022:1102-1),SuSE Local Security Checks,2023-03-11
159502,SUSE SLES12 Security Update : python36 (SUSE-SU-2022:1094-1),SuSE Local Security Checks,2023-03-11
159505,SUSE SLES12 Security Update : util-linux (SUSE-SU-2022:1103-1),SuSE Local Security Checks,2023-03-11
159506,SUSE SLED12 / SLES12 Security Update : libreoffice (SUSE-SU-2022:1093-1),SuSE Local Security Checks,2023-03-11
159534,SUSE SLES11 Security Update : mozilla-nss (SUSE-SU-2022:14936-1),SuSE Local Security Checks,2023-03-11
159535,SUSE SLES12 Security Update : mozilla-nss (SUSE-SU-2022:1113-1),SuSE Local Security Checks,2023-03-11
159566,SUSE SLES11 Security Update : openvpn-openssl1 (SUSE-SU-2022:14937-1),SuSE Local Security Checks,2023-03-11
159567,SUSE SLES12 Security Update : glibc (SUSE-SU-2022:1123-1),SuSE Local Security Checks,2023-03-11
159598,SUSE SLES12 Security Update : libsolv  libzypp (SUSE-SU-2022:1128-1),SuSE Local Security Checks,2023-03-11
159599,SUSE SLES12 Security Update : openjpeg2 (SUSE-SU-2022:1129-1),SuSE Local Security Checks,2023-03-11
159600,SUSE SLED15 / SLES15 Security Update : MozillaFirefox (SUSE-SU-2022:1127-1),SuSE Local Security Checks,2023-03-11
159617,SUSE SLED12 / SLES12 Security Update : python (SUSE-SU-2022:1140-1),SuSE Local Security Checks,2023-03-11
159618,SUSE SLED15 / SLES15 Security Update : libsolv  libzypp  zypper (SUSE-SU-2022:1131-1),SuSE Local Security Checks,2023-03-11
159619,SUSE SLED15 / SLES15 Security Update : libsolv  libzypp  zypper (SUSE-SU-2022:1130-1),SuSE Local Security Checks,2023-03-11
159620,SUSE SLES15 Security Update : 389-ds (SUSE-SU-2022:1139-1),SuSE Local Security Checks,2023-03-11
159647,SUSE SLES12 Security Update : mysql-connector-java (SUSE-SU-2022:1142-1),SuSE Local Security Checks,2023-03-11
159661,SUSE SLES12 Security Update : qemu (SUSE-SU-2022:1151-1),SuSE Local Security Checks,2023-03-11
159693,SUSE SLES12 Security Update : libexif (SUSE-SU-2022:1168-1),SuSE Local Security Checks,2023-03-11
159695,SUSE SLES12 Security Update : xz (SUSE-SU-2022:1160-1),SuSE Local Security Checks,2023-03-11
159696,SUSE SLES11 Security Update : xz (SUSE-SU-2022:14938-1),SuSE Local Security Checks,2023-03-11
159699,SUSE SLED15 / SLES15 / openSUSE 15 Security Update : opensc (SUSE-SU-2022:1156-1),SuSE Local Security Checks,2023-03-11
159701,SUSE SLES15 Security Update : kernel (Live Patch 27 for SLE 15 SP1) (SUSE-SU-2022:1172-1),SuSE Local Security Checks,2023-03-11
159702,SUSE SLES15 Security Update : subversion (SUSE-SU-2022:1161-1),SuSE Local Security Checks,2023-03-11
159704,SUSE SLED15 / SLES15 / openSUSE 15 Security Update : xz (SUSE-SU-2022:1158-1),SuSE Local Security Checks,2023-03-11
159734,SUSE SLES12 Security Update : kernel (Live Patch 17 for SLE 12 SP5) (SUSE-SU-2022:1189-1),SuSE Local Security Checks,2023-03-11
159735,SUSE SLED12 / SLES12 Security Update : netatalk (SUSE-SU-2022:1184-1),SuSE Local Security Checks,2023-03-11
159736,SUSE SLES12 Security Update : kernel (Live Patch 21 for SLE 12 SP4) (SUSE-SU-2022:1182-1),SuSE Local Security Checks,2023-03-11
159737,SUSE SLES12 Security Update : kernel (Live Patch 29 for SLE 12 SP5) (SUSE-SU-2022:1192-1),SuSE Local Security Checks,2023-03-11
159739,SUSE SLED15 / SLES15 / openSUSE 15 Security Update : kernel (SUSE-SU-2022:1183-1),SuSE Local Security Checks,2023-03-11
159748,SUSE SLES15 Security Update : kernel (SUSE-SU-2022:1197-1),SuSE Local Security Checks,2023-03-11
159749,SUSE SLED12 / SLES12 Security Update : kernel (SUSE-SU-2022:1196-1),SuSE Local Security Checks,2023-03-11
159750,SUSE SLES12 / SLES15 Security Update : kernel (Live Patch 24 for SLE 15) (SUSE-SU-2022:1215-1),SuSE Local Security Checks,2023-03-11
159751,SUSE SLES15 Security Update : kernel (Live Patch 14 for SLE 15 SP3) (SUSE-SU-2022:1224-1),SuSE Local Security Checks,2023-03-11
159752,SUSE SLES15 Security Update : kernel (Live Patch 25 for SLE 15 SP1) (SUSE-SU-2022:1212-1),SuSE Local Security Checks,2023-03-11
159753,SUSE SLES15 Security Update : kernel (Live Patch 26 for SLE 15) (SUSE-SU-2022:1230-1),SuSE Local Security Checks,2023-03-11
159754,SUSE SLES15 Security Update : kernel (Live Patch 24 for SLE 15 SP1) (SUSE-SU-2022:1193-1),SuSE Local Security Checks,2023-03-11
159755,SUSE SLES12 Security Update : tomcat (SUSE-SU-2022:1217-1),SuSE Local Security Checks,2023-03-11
159756,SUSE SLES15 Security Update : kernel (Live Patch 18 for SLE 15 SP2) (SUSE-SU-2022:1194-1),SuSE Local Security Checks,2023-03-11
159757,SUSE SLED15 / SLES15 / openSUSE 15 Security Update : SDL2 (SUSE-SU-2022:1218-1),SuSE Local Security Checks,2023-03-11
159768,SUSE SLES12 Security Update : kernel (Live Patch 18 for SLE 12 SP5) (SUSE-SU-2022:1242-1),SuSE Local Security Checks,2023-03-11
159769,SUSE SLES15 Security Update : kernel (Live Patch 0 for SLE 15 SP3) (SUSE-SU-2022:1223-1),SuSE Local Security Checks,2023-03-11
159883,SUSE SLES15 Security Update : gzip (SUSE-SU-2022:1250-1),SuSE Local Security Checks,2023-03-11
159884,SUSE SLES15 Security Update : kernel (Live Patch 1 for SLE 15 SP3) (SUSE-SU-2022:1246-1),SuSE Local Security Checks,2023-03-11
159885,SUSE SLES12 / SLES15 Security Update : kernel (Live Patch 24 for SLE 12 SP4) (SUSE-SU-2022:1248-1),SuSE Local Security Checks,2023-03-11
159932,SUSE SLES15 Security Update : kernel (SUSE-SU-2022:1255-1),SuSE Local Security Checks,2023-03-11
159938,SUSE SLES12 Security Update : kernel (SUSE-SU-2022:1267-1),SuSE Local Security Checks,2023-03-11
159950,SUSE SLES15 Security Update : git (SUSE-SU-2022:1260-1),SuSE Local Security Checks,2023-03-11
159951,SUSE SLED15 / SLES15 / openSUSE 15 Security Update : icedtea-web (SUSE-SU-2022:1259-1),SuSE Local Security Checks,2023-03-11
159981,SUSE SLED15 / SLES15 / openSUSE 15 Security Update : openjpeg2 (SUSE-SU-2022:1252-1),SuSE Local Security Checks,2023-03-11
159987,SUSE SLES12 Security Update : kernel (SUSE-SU-2022:1266-1),SuSE Local Security Checks,2023-03-11
159990,SUSE SLES15 / openSUSE 15 Security Update : kernel (SUSE-SU-2022:1256-1),SuSE Local Security Checks,2023-03-11
159996,SUSE SLES12 Security Update : sssd (SUSE-SU-2022:1258-1),SuSE Local Security Checks,2023-03-11
159998,SUSE SLES12 Security Update : zabbix (SUSE-SU-2022:1254-1),SuSE Local Security Checks,2023-03-11
160006,SUSE SLES15 Security Update : kernel (Live Patch 27 for SLE 15) (SUSE-SU-2022:1261-1),SuSE Local Security Checks,2023-03-11
160056,SUSE SLES12 Security Update : kernel (SUSE-SU-2022:1283-1),SuSE Local Security Checks,2023-03-11
160057,SUSE SLES12 Security Update : xen (SUSE-SU-2022:1285-1),SuSE Local Security Checks,2023-03-11
160058,SUSE SLES12 Security Update : gzip (SUSE-SU-2022:1272-1),SuSE Local Security Checks,2023-03-11
160060,SUSE SLES12 Security Update : kernel (Live Patch 23 for SLE 12 SP5) (SUSE-SU-2022:1278-1),SuSE Local Security Checks,2023-03-11
160062,SUSE SLES12 Security Update : kernel (Live Patch 25 for SLE 12 SP4) (SUSE-SU-2022:1268-1),SuSE Local Security Checks,2023-03-11
160063,SUSE SLES12 Security Update : gzip (SUSE-SU-2022:1275-1),SuSE Local Security Checks,2023-03-11
160064,SUSE SLED15 / SLES15 / openSUSE 15 Security Update : SDL (SUSE-SU-2022:1273-1),SuSE Local Security Checks,2023-03-11
160066,SUSE SLES12 Security Update : kernel (SUSE-SU-2022:1270-1),SuSE Local Security Checks,2023-03-11
160068,SUSE SLES11 Security Update : dnsmasq (SUSE-SU-2022:14941-1),SuSE Local Security Checks,2023-03-11
160070,SUSE SLES15 Security Update : tomcat (SUSE-SU-2022:1293-1),SuSE Local Security Checks,2023-03-11
160071,SUSE SLES12 Security Update : dnsmasq (SUSE-SU-2022:1289-1),SuSE Local Security Checks,2023-03-11
160072,SUSE SLES15 Security Update : dnsmasq (SUSE-SU-2022:1288-1),SuSE Local Security Checks,2023-03-11
160074,SUSE SLES12 Security Update : tomcat (SUSE-SU-2022:1294-1),SuSE Local Security Checks,2023-03-11
160075,SUSE SLES15 Security Update : tomcat (SUSE-SU-2022:1292-1),SuSE Local Security Checks,2023-03-11
160092,SUSE SLES15 Security Update : xen (SUSE-SU-2022:1300-1),SuSE Local Security Checks,2023-03-11
160094,SUSE SLES15 Security Update : SDL2 (SUSE-SU-2022:1313-1),SuSE Local Security Checks,2023-03-11
160096,SUSE SLES12 Security Update : kernel (Live Patch 20 for SLE 12 SP4) (SUSE-SU-2022:1303-1),SuSE Local Security Checks,2023-03-11
160097,SUSE SLES11 Security Update : SDL (SUSE-SU-2022:14943-1),SuSE Local Security Checks,2023-03-11
160098,SUSE SLES12 Security Update : libxml2 (SUSE-SU-2022:1308-1),SuSE Local Security Checks,2023-03-11
160099,SUSE SLES12 Security Update : git (SUSE-SU-2022:1306-1),SuSE Local Security Checks,2023-03-11
160100,SUSE SLES12 Security Update : SDL (SUSE-SU-2022:1312-1),SuSE Local Security Checks,2023-03-11
160102,SUSE SLES12 Security Update : kernel (Live Patch 20 for SLE 12 SP4) (SUSE-SU-2022:1320-1),SuSE Local Security Checks,2023-03-11
160103,SUSE SLES12 Security Update : kernel (Live Patch 22 for SLE 12 SP4) (SUSE-SU-2022:1318-1),SuSE Local Security Checks,2023-03-11
160104,SUSE SLES12 Security Update : kernel (Live Patch 20 for SLE 12 SP5) (SUSE-SU-2022:1322-1),SuSE Local Security Checks,2023-03-11
160179,SUSE SLES15 Security Update : kernel (Live Patch 10 for SLE 15 SP3) (SUSE-SU-2022:1326-1),SuSE Local Security Checks,2023-03-11
160193,SUSE SLES12 Security Update : xen (SUSE-SU-2022:1375-1),SuSE Local Security Checks,2023-03-11
160194,SUSE SLES15 Security Update : kernel (Live Patch 0 for SLE 15 SP3) (SUSE-SU-2022:1369-1),SuSE Local Security Checks,2023-03-11
160196,SUSE SLES12 / SLES15 Security Update : kernel (Live Patch 21 for SLE 12 SP4) (SUSE-SU-2022:1329-1),SuSE Local Security Checks,2023-03-11
160197,SUSE SLES15 Security Update : xen (SUSE-SU-2022:1359-1),SuSE Local Security Checks,2023-03-11
160202,SUSE SLES12 / SLES15 Security Update : kernel (Live Patch 17 for SLE 12 SP5) (SUSE-SU-2022:1335-1),SuSE Local Security Checks,2023-03-11
160220,SUSE SLES12 Security Update : xen (SUSE-SU-2022:1408-1),SuSE Local Security Checks,2023-03-11
160223,SUSE SLES12 Security Update : kernel (SUSE-SU-2022:1402-1),SuSE Local Security Checks,2023-03-11
160276,SUSE SLES12 Security Update : kernel (Live Patch 39 for SLE 12 SP3) (SUSE-SU-2022:1440-1),SuSE Local Security Checks,2023-03-11
160277,SUSE SLES12 Security Update : cifs-utils (SUSE-SU-2022:1429-1),SuSE Local Security Checks,2023-03-11
160280,SUSE SLES12 Security Update : ant (SUSE-SU-2022:1417-1),SuSE Local Security Checks,2023-03-11
160281,SUSE SLES15 Security Update : cifs-utils (SUSE-SU-2022:1427-1),SuSE Local Security Checks,2023-03-11
160284,SUSE SLES12 Security Update : cifs-utils (SUSE-SU-2022:1428-1),SuSE Local Security Checks,2023-03-11
160286,SUSE SLES11 Security Update : cifs-utils (SUSE-SU-2022:14951-1),SuSE Local Security Checks,2023-03-11
160322,SUSE SLES15 Security Update : python-requests (SUSE-SU-2022:1448-1),SuSE Local Security Checks,2023-03-11
160324,SUSE SLED15 / SLES15 / openSUSE 15 Security Update : python-paramiko (SUSE-SU-2022:1446-1),SuSE Local Security Checks,2023-03-11
160326,SUSE SLES12 Security Update : python-paramiko (SUSE-SU-2022:1447-1),SuSE Local Security Checks,2023-03-11
160328,SUSE SLES12 Security Update : nodejs14 (SUSE-SU-2022:1459-1),SuSE Local Security Checks,2023-03-11
160329,SUSE SLES15 Security Update : kernel (Live Patch 15 for SLE 15 SP3) (SUSE-SU-2022:1453-1),SuSE Local Security Checks,2023-03-11
160381,SUSE SLES12 Security Update : java-11-openjdk (SUSE-SU-2022:1474-1),SuSE Local Security Checks,2023-03-11
160382,SUSE SLES12 Security Update : mutt (SUSE-SU-2022:1478-1),SuSE Local Security Checks,2023-03-11
160387,SUSE SLES12 Security Update : jasper (SUSE-SU-2022:1475-1),SuSE Local Security Checks,2023-03-11
160390,SUSE SLES12 Security Update : nodejs12 (SUSE-SU-2022:1466-1),SuSE Local Security Checks,2023-03-11
160462,SUSE SLES12 Security Update : subversion (SUSE-SU-2022:1483-1),SuSE Local Security Checks,2023-03-11
160489,SUSE SLES12 Security Update : xen (SUSE-SU-2022:1505-1),SuSE Local Security Checks,2023-03-11
160490,SUSE SLES15 Security Update : webkit2gtk3 (SUSE-SU-2022:1511-1),SuSE Local Security Checks,2023-03-11
160493,SUSE SLES12 Security Update : containerd  docker (SUSE-SU-2022:1507-1),SuSE Local Security Checks,2023-03-11
160494,SUSE SLES12 Security Update : kernel (Live Patch 25 for SLE 12 SP4) (SUSE-SU-2022:1486-1),SuSE Local Security Checks,2023-03-11
160498,SUSE SLED15 / SLES15 / openSUSE 15 Security Update : xen (SUSE-SU-2022:1506-1),SuSE Local Security Checks,2023-03-11
160500,SUSE SLES12 Security Update : libcaca (SUSE-SU-2022:1508-1),SuSE Local Security Checks,2023-03-11
160523,SUSE SLES15 / openSUSE 15 Security Update : rubygem-puma (SUSE-SU-2022:1515-1),SuSE Local Security Checks,2023-03-11
160529,SUSE SLES12 Security Update : libvirt (SUSE-SU-2022:1540-1),SuSE Local Security Checks,2023-03-11
160664,SUSE SLED15 / SLES15 / openSUSE 15 Security Update : tar (SUSE-SU-2022:1548-1),SuSE Local Security Checks,2023-03-11
160672,SUSE SLES12 Security Update : python-Twisted (SUSE-SU-2022:1546-1),SuSE Local Security Checks,2023-03-11
160716,SUSE SLED12 / SLES12 Security Update : libwmf (SUSE-SU-2022:1560-1),SuSE Local Security Checks,2023-03-11
160875,SUSE SLES15 Security Update : MozillaFirefox (SUSE-SU-2022:1577-1),SuSE Local Security Checks,2023-03-11
160876,SUSE SLES15 Security Update : kernel (Live Patch 10 for SLE 15 SP3) (SUSE-SU-2022:1575-1),SuSE Local Security Checks,2023-03-11
160877,SUSE SLES15 Security Update : kernel (Live Patch 17 for SLE 15 SP3) (SUSE-SU-2022:1573-1),SuSE Local Security Checks,2023-03-11
160878,SUSE SLES15 Security Update : MozillaFirefox (SUSE-SU-2022:1579-1),SuSE Local Security Checks,2023-03-11
160879,SUSE SLES15 Security Update : kernel (Live Patch 11 for SLE 15 SP3) (SUSE-SU-2022:1569-1),SuSE Local Security Checks,2023-03-11
160880,SUSE SLES12 Security Update : kernel (Live Patch 20 for SLE 12 SP5) (SUSE-SU-2022:1580-1),SuSE Local Security Checks,2023-03-11
160881,SUSE SLES15 Security Update : kernel (Live Patch 14 for SLE 15 SP3) (SUSE-SU-2022:1571-1),SuSE Local Security Checks,2023-03-11
160882,SUSE SLES12 Security Update : MozillaFirefox (SUSE-SU-2022:1582-1),SuSE Local Security Checks,2023-03-11
160974,SUSE SLES15 Security Update : kernel (Live Patch 24 for SLE 15 SP2) (SUSE-SU-2022:1629-1),SuSE Local Security Checks,2023-03-11
160981,SUSE SLES12 Security Update : kernel (Live Patch 30 for SLE 12 SP5) (SUSE-SU-2022:1611-1),SuSE Local Security Checks,2023-03-11
160982,SUSE SLES15 Security Update : kernel (Live Patch 26 for SLE 15 SP2) (SUSE-SU-2022:1634-1),SuSE Local Security Checks,2023-03-11
160984,SUSE SLES12 / SLES15 Security Update : kernel (Live Patch 26 for SLE 12 SP4) (SUSE-SU-2022:1598-1),SuSE Local Security Checks,2023-03-11
160986,SUSE SLES15 Security Update : kernel (Live Patch 13 for SLE 15 SP2) (SUSE-SU-2022:1591-1),SuSE Local Security Checks,2023-03-11
160987,SUSE SLES15 Security Update : kernel (Live Patch 30 for SLE 15 SP1) (SUSE-SU-2022:1593-1),SuSE Local Security Checks,2023-03-11
160989,SUSE SLES15 Security Update : kernel (Live Patch 0 for SLE 15 SP3) (SUSE-SU-2022:1605-1),SuSE Local Security Checks,2023-03-11
160990,SUSE SLES12 / SLES15 Security Update : kernel (Live Patch 18 for SLE 12 SP5) (SUSE-SU-2022:1589-1),SuSE Local Security Checks,2023-03-11
161065,SUSE SLES15 Security Update : kernel (Live Patch 23 for SLE 15 SP2) (SUSE-SU-2022:1637-1),SuSE Local Security Checks,2023-03-11
161085,SUSE SLES12 Security Update : kernel (Live Patch 39 for SLE 12 SP3) (SUSE-SU-2022:1640-1),SuSE Local Security Checks,2023-03-11
161086,SUSE SLES12 Security Update : kernel (Live Patch 44 for SLE 12 SP3) (SUSE-SU-2022:1641-1),SuSE Local Security Checks,2023-03-11
161160,SUSE SLES12 Security Update : kernel (SUSE-SU-2022:1651-1),SuSE Local Security Checks,2023-03-11
161162,SUSE SLES12 Security Update : e2fsprogs (SUSE-SU-2022:1652-1),SuSE Local Security Checks,2023-03-11
161163,SUSE SLES12 Security Update : gzip (SUSE-SU-2022:1650-1),SuSE Local Security Checks,2023-03-11
161164,SUSE SLES12 Security Update : clamav (SUSE-SU-2022:1647-1),SuSE Local Security Checks,2023-03-11
161223,SUSE SLES12 Security Update : tiff (SUSE-SU-2022:1667-1),SuSE Local Security Checks,2023-03-11
161224,SUSE SLES12 Security Update : kernel (SUSE-SU-2022:1668-1),SuSE Local Security Checks,2023-03-11
161225,SUSE SLES15 Security Update : kernel (SUSE-SU-2022:1669-1),SuSE Local Security Checks,2023-03-11
161226,SUSE SLES12 Security Update : gzip (SUSE-SU-2022:1673-1),SuSE Local Security Checks,2023-03-11
161227,SUSE SLED12 / SLES12 Security Update : podofo (SUSE-SU-2022:1690-1),SuSE Local Security Checks,2023-03-11
161228,SUSE SLES12 Security Update : curl (SUSE-SU-2022:1680-1),SuSE Local Security Checks,2023-03-11
161229,SUSE SLES12 Security Update : openldap2 (SUSE-SU-2022:1671-1),SuSE Local Security Checks,2023-03-11
161232,SUSE SLED12 / SLES12 Security Update : kernel (SUSE-SU-2022:1686-1),SuSE Local Security Checks,2023-03-11
161233,SUSE SLED15 / SLES15 / openSUSE 15 Security Update : e2fsprogs (SUSE-SU-2022:1688-1),SuSE Local Security Checks,2023-03-11
161234,SUSE SLES15 Security Update : gzip (SUSE-SU-2022:1674-1),SuSE Local Security Checks,2023-03-11
161235,SUSE SLED15 / SLES15 / openSUSE 15 Security Update : kernel (SUSE-SU-2022:1687-1),SuSE Local Security Checks,2023-03-11
161236,SUSE SLES12 Security Update : openldap2 (SUSE-SU-2022:1685-1),SuSE Local Security Checks,2023-03-11
161238,SUSE SLES12 Security Update : webkit2gtk3 (SUSE-SU-2022:1677-1),SuSE Local Security Checks,2023-03-11
161239,SUSE SLED12 / SLES12 Security Update : pidgin (SUSE-SU-2022:1664-1),SuSE Local Security Checks,2023-03-11
161256,SUSE SLED15 / SLES15 Security Update : pidgin (SUSE-SU-2022:1693-1),SuSE Local Security Checks,2023-03-11
161257,SUSE SLES12 Security Update : e2fsprogs (SUSE-SU-2022:1695-1),SuSE Local Security Checks,2023-03-11
161259,SUSE SLED15 / SLES15 / openSUSE 15 Security Update : e2fsprogs (SUSE-SU-2022:1718-1),SuSE Local Security Checks,2023-03-11
161260,SUSE SLES12 Security Update : php72 (SUSE-SU-2022:1714-1),SuSE Local Security Checks,2023-03-11
161352,SUSE SLES15 Security Update : MozillaFirefox (SUSE-SU-2022:1731-1),SuSE Local Security Checks,2023-03-11
161356,SUSE SLES12 Security Update : curl (SUSE-SU-2022:1733-1),SuSE Local Security Checks,2023-03-11
161357,SUSE SLED15 / SLES15 / openSUSE 15 Security Update : ucode-intel (SUSE-SU-2022:1727-1),SuSE Local Security Checks,2023-03-11
161359,SUSE SLES15 Security Update : ucode-intel (SUSE-SU-2022:1732-1),SuSE Local Security Checks,2023-03-11
161360,SUSE SLES12 Security Update : slurm_20_11 (SUSE-SU-2022:1726-1),SuSE Local Security Checks,2023-03-11
161362,SUSE SLES12 Security Update : poppler (SUSE-SU-2022:1724-1),SuSE Local Security Checks,2023-03-11
161365,SUSE SLES15 Security Update : ucode-intel (SUSE-SU-2022:1728-1),SuSE Local Security Checks,2023-03-11
161367,SUSE SLES12 Security Update : poppler (SUSE-SU-2022:1723-1),SuSE Local Security Checks,2023-03-11
161388,SUSE SLED12 / SLES12 Security Update : glib2 (SUSE-SU-2022:1758-1),SuSE Local Security Checks,2023-03-11
161391,SUSE SLED12 / SLES12 Security Update : dcraw (SUSE-SU-2022:1749-1),SuSE Local Security Checks,2023-03-11
161392,SUSE SLES12 Security Update : unrar (SUSE-SU-2022:1760-1),SuSE Local Security Checks,2023-03-11
161393,SUSE SLES12 Security Update : ucode-intel (SUSE-SU-2022:1744-1),SuSE Local Security Checks,2023-03-11
161394,SUSE SLES12 Security Update : libyajl (SUSE-SU-2022:1746-1),SuSE Local Security Checks,2023-03-11
161396,SUSE SLES12 Security Update : MozillaFirefox (SUSE-SU-2022:1757-1),SuSE Local Security Checks,2023-03-11
161397,SUSE SLES12 Security Update : ucode-intel (SUSE-SU-2022:1747-1),SuSE Local Security Checks,2023-03-11
161400,SUSE SLES15 Security Update : kernel-firmware (SUSE-SU-2022:1751-1),SuSE Local Security Checks,2023-03-11
161425,SUSE SLES12 Security Update : openldap2 (SUSE-SU-2022:1771-1),SuSE Local Security Checks,2023-03-11
161427,SUSE SLES12 Security Update : php7 (SUSE-SU-2022:1764-1),SuSE Local Security Checks,2023-03-11
161431,SUSE SLES12 / SLES15 Security Update : kernel (Live Patch 10 for SLE 15 SP3) (SUSE-SU-2022:1783-1),SuSE Local Security Checks,2023-03-11
161458,SUSE SLES12 Security Update : python-requests (SUSE-SU-2022:1819-1),SuSE Local Security Checks,2023-03-11
161459,SUSE SLES12 Security Update : postgresql10 (SUSE-SU-2022:1804-1),SuSE Local Security Checks,2023-03-11
161460,SUSE SLES15 Security Update : MozillaFirefox (SUSE-SU-2022:1818-1),SuSE Local Security Checks,2023-03-11
161465,SUSE SLES15 Security Update : slurm_20_11 (SUSE-SU-2022:1815-1),SuSE Local Security Checks,2023-03-11
161466,SUSE SLES12 Security Update : MozillaFirefox (SUSE-SU-2022:1808-1),SuSE Local Security Checks,2023-03-11
161467,SUSE SLES12 Security Update : curl (SUSE-SU-2022:1805-1),SuSE Local Security Checks,2023-03-11
161468,SUSE SLES12 / SLES15 Security Update : kernel (Live Patch 0 for SLE 15 SP3) (SUSE-SU-2022:1796-1),SuSE Local Security Checks,2023-03-11
161470,SUSE SLES15 Security Update : rsyslog (SUSE-SU-2022:1817-1),SuSE Local Security Checks,2023-03-11
161495,SUSE SLES15 Security Update : openldap2 (SUSE-SU-2022:1832-1),SuSE Local Security Checks,2023-03-11
161498,SUSE SLES12 Security Update : libxml2 (SUSE-SU-2022:1833-1),SuSE Local Security Checks,2023-03-11
161519,SUSE SLES12 Security Update : kernel-firmware (SUSE-SU-2022:1846-1),SuSE Local Security Checks,2023-03-11
161539,SUSE SLES12 Security Update : pcre2 (SUSE-SU-2022:1836-1),SuSE Local Security Checks,2023-03-11
161548,SUSE SLES15 Security Update : kernel (Live Patch 2 for SLE 15 SP3) (SUSE-SU-2022:1849-1),SuSE Local Security Checks,2023-03-11
161550,SUSE SLES12 Security Update : fribidi (SUSE-SU-2022:1845-1),SuSE Local Security Checks,2023-03-11
161568,SUSE SLES15 Security Update : kernel-firmware (SUSE-SU-2022:1847-1),SuSE Local Security Checks,2023-03-11
161591,SUSE SLES12 Security Update : postgresql13 (SUSE-SU-2022:1835-1),SuSE Local Security Checks,2023-03-11
161645,SUSE SLES12 Security Update : postgresql14 (SUSE-SU-2022:1874-1),SuSE Local Security Checks,2023-03-11
161646,SUSE SLES15 Security Update : kernel (Live Patch 12 for SLE 15 SP3) (SUSE-SU-2022:1859-1),SuSE Local Security Checks,2023-03-11
161647,SUSE SLES12 Security Update : postgresql12 (SUSE-SU-2022:1869-1),SuSE Local Security Checks,2023-03-11
161651,SUSE SLES12 Security Update : wpa_supplicant (SUSE-SU-2022:1853-1),SuSE Local Security Checks,2023-03-11
161653,SUSE SLES12 Security Update : pcp (SUSE-SU-2022:1873-1),SuSE Local Security Checks,2023-03-11
161735,SUSE SLED12 / SLES12 Security Update : ImageMagick (SUSE-SU-2022:1885-1),SuSE Local Security Checks,2023-03-11
161737,SUSE SLED12 / SLES12 Security Update : gimp (SUSE-SU-2022:1889-1),SuSE Local Security Checks,2023-03-11
161741,SUSE SLES12 Security Update : bind (SUSE-SU-2022:1616-1),SuSE Local Security Checks,2023-03-11
161743,SUSE SLES12 Security Update : librelp (SUSE-SU-2022:1891-1),SuSE Local Security Checks,2023-03-11
161744,SUSE SLES12 Security Update : mailman (SUSE-SU-2022:1886-1),SuSE Local Security Checks,2023-03-11
161746,SUSE SLES12 Security Update : php74 (SUSE-SU-2022:1893-1),SuSE Local Security Checks,2023-03-11
161785,SUSE SLES15 Security Update : hdf5 (SUSE-SU-2022:1910-1),SuSE Local Security Checks,2023-03-11
161787,SUSE SLES15 Security Update : hdf5 (SUSE-SU-2022:1903-1),SuSE Local Security Checks,2023-03-11
161819,SUSE SLES15 Security Update : hdf5  suse-hpc (SUSE-SU-2022:1911-1),SuSE Local Security Checks,2023-03-11
161822,SUSE SLES15 Security Update : MozillaFirefox (SUSE-SU-2022:1927-1),SuSE Local Security Checks,2023-03-11
161825,SUSE SLED15 / SLES15 / openSUSE 15 Security Update : udisks2 (SUSE-SU-2022:1919-1),SuSE Local Security Checks,2023-03-11
161831,SUSE SLES12 Security Update : MozillaFirefox (SUSE-SU-2022:1921-1),SuSE Local Security Checks,2023-03-11
161833,SUSE SLES12 Security Update : patch (SUSE-SU-2022:1932-1),SuSE Local Security Checks,2023-03-11
161841,SUSE SLES12 Security Update : kernel (Live Patch 22 for SLE 12 SP4) (SUSE-SU-2022:1939-1),SuSE Local Security Checks,2023-03-11
161842,SUSE SLES12 Security Update : kernel (Live Patch 26 for SLE 12 SP4) (SUSE-SU-2022:1940-1),SuSE Local Security Checks,2023-03-11
161845,SUSE SLES12 Security Update : kernel (Live Patch 25 for SLE 12 SP5) (SUSE-SU-2022:1942-1),SuSE Local Security Checks,2023-03-11
161846,SUSE SLES15 Security Update : kernel (Live Patch 16 for SLE 15 SP3) (SUSE-SU-2022:1948-1),SuSE Local Security Checks,2023-03-11
161847,SUSE SLES15 Security Update : kernel (Live Patch 25 for SLE 15 SP1) (SUSE-SU-2022:1945-1),SuSE Local Security Checks,2023-03-11
161914,SUSE SLES15 Security Update : kernel (Live Patch 18 for SLE 15 SP3) (SUSE-SU-2022:1989-1),SuSE Local Security Checks,2023-03-11
161915,SUSE SLES15 Security Update : kernel (Live Patch 12 for SLE 15 SP3) (SUSE-SU-2022:1974-1),SuSE Local Security Checks,2023-03-11
161916,SUSE SLES12 / SLES15 Security Update : kernel (Live Patch 1 for SLE 15 SP3) (SUSE-SU-2022:1955-1),SuSE Local Security Checks,2023-03-11
161917,SUSE SLES12 / SLES15 Security Update : kernel (Live Patch 17 for SLE 15 SP3) (SUSE-SU-2022:1988-1),SuSE Local Security Checks,2023-03-11
161918,SUSE SLES15 Security Update : kernel (Live Patch 0 for SLE 15 SP3) (SUSE-SU-2022:2000-1),SuSE Local Security Checks,2023-03-11
161919,SUSE SLES15 Security Update : kernel (Live Patch 30 for SLE 15 SP1) (SUSE-SU-2022:1949-1),SuSE Local Security Checks,2023-03-11
161942,SUSE SLES12 Security Update : kernel (Live Patch 44 for SLE 12 SP3) (SUSE-SU-2022:2010-1),SuSE Local Security Checks,2023-03-11
161944,SUSE SLES12 Security Update : kernel (Live Patch 25 for SLE 12 SP4) (SUSE-SU-2022:2006-1),SuSE Local Security Checks,2023-03-11
161970,SUSE SLED12 / SLES12 Security Update : gcc48 (SUSE-SU-2022:2015-1),SuSE Local Security Checks,2023-03-11
161999,SUSE SLES15 Security Update : fribidi (SUSE-SU-2022:2029-1),SuSE Local Security Checks,2023-03-11
162000,SUSE SLES12 Security Update : mozilla-nss (SUSE-SU-2022:2031-1),SuSE Local Security Checks,2023-03-11
162007,SUSE SLES15 Security Update : webkit2gtk3 (SUSE-SU-2022:2030-1),SuSE Local Security Checks,2023-03-11
162127,SUSE SLES15 Security Update : grub2 (SUSE-SU-2022:2041-1),SuSE Local Security Checks,2023-03-11
162128,SUSE SLES12 Security Update : grub2 (SUSE-SU-2022:2037-1),SuSE Local Security Checks,2023-03-11
162129,SUSE SLES12 Security Update : grub2 (SUSE-SU-2022:2039-1),SuSE Local Security Checks,2023-03-11
162130,SUSE SLES12 Security Update : grub2 (SUSE-SU-2022:2038-1),SuSE Local Security Checks,2023-03-11
162131,SUSE SLES15 Security Update : grub2 (SUSE-SU-2022:2036-1),SuSE Local Security Checks,2023-03-11
162176,SUSE SLES12 Security Update : u-boot (SUSE-SU-2022:2052-1),SuSE Local Security Checks,2023-03-11
162184,SUSE SLES15 Security Update : u-boot (SUSE-SU-2022:2057-1),SuSE Local Security Checks,2023-03-11
162207,SUSE SLED15 / SLES15 / openSUSE 15 Security Update : MozillaThunderbird (SUSE-SU-2022:2062-1),SuSE Local Security Checks,2023-03-11
162211,SUSE SLES12 Security Update : u-boot (SUSE-SU-2022:2055-1),SuSE Local Security Checks,2023-03-11
162212,SUSE SLES12 Security Update : u-boot (SUSE-SU-2022:2058-1),SuSE Local Security Checks,2023-03-11
162232,SUSE SLES12 Security Update : kernel (SUSE-SU-2022:2077-1),SuSE Local Security Checks,2023-03-11
162234,SUSE SLES12 Security Update : kernel (SUSE-SU-2022:2080-1),SuSE Local Security Checks,2023-03-11
162235,SUSE SLES15 Security Update : grub2 (SUSE-SU-2022:2074-1),SuSE Local Security Checks,2023-03-11
162236,SUSE SLES15 Security Update : openssl-1_1 (SUSE-SU-2022:2068-1),SuSE Local Security Checks,2023-03-11
162238,SUSE SLES15 / openSUSE 15 Security Update : 389-ds (SUSE-SU-2022:2081-1),SuSE Local Security Checks,2023-03-11
162239,SUSE SLED15 / SLES15 / openSUSE 15 Security Update : kernel (SUSE-SU-2022:2078-1),SuSE Local Security Checks,2023-03-11
162240,SUSE SLES12 Security Update : xen (SUSE-SU-2022:2084-1),SuSE Local Security Checks,2023-03-11
162242,SUSE SLES12 Security Update : kernel (SUSE-SU-2022:2083-1),SuSE Local Security Checks,2023-03-11
162243,SUSE SLES15 Security Update : openssl-1_1 (SUSE-SU-2022:2075-1),SuSE Local Security Checks,2023-03-11
162245,SUSE SLES12 Security Update : kernel (SUSE-SU-2022:2082-1),SuSE Local Security Checks,2023-03-11
162310,SUSE SLES12 Security Update : webkit2gtk3 (SUSE-SU-2022:2089-1),SuSE Local Security Checks,2023-03-11
162378,SUSE SLES15 / openSUSE 15 Security Update : rubygem-actionpack-5_1  rubygem-activesupport-5_1 (SUSE-SU-2022:2108-1),SuSE Local Security Checks,2023-03-11
162379,SUSE SLES15 Security Update : kernel (SUSE-SU-2022:2104-1),SuSE Local Security Checks,2023-03-11
162380,SUSE SLES15 / openSUSE 15 Security Update : mariadb (SUSE-SU-2022:2107-1),SuSE Local Security Checks,2023-03-11
162381,SUSE SLES15 Security Update : kernel (SUSE-SU-2022:2103-1),SuSE Local Security Checks,2023-03-11
162383,SUSE SLES12 Security Update : openssl-1_0_0 (SUSE-SU-2022:2106-1),SuSE Local Security Checks,2023-03-11
162386,SUSE SLES15 Security Update : 389-ds (SUSE-SU-2022:2109-1),SuSE Local Security Checks,2023-03-11
162387,SUSE SLES12 Security Update : apache2 (SUSE-SU-2022:2101-1),SuSE Local Security Checks,2023-03-11
162388,SUSE SLES12 Security Update : apache2 (SUSE-SU-2022:2099-1),SuSE Local Security Checks,2023-03-11
162389,SUSE SLES15 Security Update : 389-ds (SUSE-SU-2022:2105-1),SuSE Local Security Checks,2023-03-11
162390,SUSE SLES12 Security Update : openssl (SUSE-SU-2022:2098-1),SuSE Local Security Checks,2023-03-11
162399,SUSE SLES15 / openSUSE 15 Security Update : kernel (SUSE-SU-2022:2111-1),SuSE Local Security Checks,2023-03-11
162466,SUSE SLES12 Security Update : python36 (SUSE-SU-2022:2147-1),SuSE Local Security Checks,2023-03-11
162467,SUSE SLES15 Security Update : golang-github-prometheus-node_exporter (SUSE-SU-2022:2137-1),SuSE Local Security Checks,2023-03-11
162469,SUSE SLES12 Security Update : SUSE Manager Client Tools (SUSE-SU-2022:2134-1),SuSE Local Security Checks,2023-03-11
162470,SUSE SLED12 / SLES12 Security Update : kernel (SUSE-SU-2022:2116-1),SuSE Local Security Checks,2023-03-11
162472,SUSE SLES12 Security Update : python-Twisted (SUSE-SU-2022:2117-1),SuSE Local Security Checks,2023-03-11
162491,SUSE SLES12 Security Update : salt (SUSE-SU-2022:2154-1),SuSE Local Security Checks,2023-03-11
162492,SUSE SLES12 Security Update : fwupdate (SUSE-SU-2022:2151-1),SuSE Local Security Checks,2023-03-11
162493,SUSE SLES12 Security Update : fwupdate (SUSE-SU-2022:2150-1),SuSE Local Security Checks,2023-03-11
162494,SUSE SLES12 Security Update : drbd (SUSE-SU-2022:2152-1),SuSE Local Security Checks,2023-03-11
162495,SUSE SLES12 Security Update : drbd (SUSE-SU-2022:2153-1),SuSE Local Security Checks,2023-03-11
162516,SUSE SLES12 Security Update : python3 (SUSE-SU-2022:2166-1),SuSE Local Security Checks,2023-03-11
162517,SUSE SLES12 Security Update : containerd (SUSE-SU-2022:2165-1),SuSE Local Security Checks,2023-03-11
162519,SUSE SLES15 Security Update : salt (SUSE-SU-2022:2159-1),SuSE Local Security Checks,2023-03-11
162520,SUSE SLES12 Security Update : mariadb (SUSE-SU-2022:2160-1),SuSE Local Security Checks,2023-03-11
162521,SUSE SLES15 Security Update : xen (SUSE-SU-2022:2158-1),SuSE Local Security Checks,2023-03-11
162522,SUSE SLES15 Security Update : xen (SUSE-SU-2022:2164-1),SuSE Local Security Checks,2023-03-11
162523,SUSE SLES15 Security Update : 389-ds (SUSE-SU-2022:2163-1),SuSE Local Security Checks,2023-03-11
162524,SUSE SLES12 Security Update : php74 (SUSE-SU-2022:2161-1),SuSE Local Security Checks,2023-03-11
162530,SUSE SLES15 Security Update : openssl (SUSE-SU-2022:2179-1),SuSE Local Security Checks,2023-03-11
162535,SUSE SLES15 / openSUSE 15 Security Update : drbd (SUSE-SU-2022:2168-1),SuSE Local Security Checks,2023-03-11
162537,SUSE SLES15 Security Update : drbd (SUSE-SU-2022:2175-1),SuSE Local Security Checks,2023-03-11
162539,SUSE SLED15 / SLES15 / openSUSE 15 Security Update : kernel (SUSE-SU-2022:2173-1),SuSE Local Security Checks,2023-03-11
162540,SUSE SLES12 Security Update : drbd (SUSE-SU-2022:2169-1),SuSE Local Security Checks,2023-03-11
162541,SUSE SLES12 Security Update : openssl (SUSE-SU-2022:2181-1),SuSE Local Security Checks,2023-03-11
162542,SUSE SLES12 Security Update : openssl (SUSE-SU-2022:2180-1),SuSE Local Security Checks,2023-03-11
162543,SUSE SLES12 Security Update : oracleasm (SUSE-SU-2022:2186-1),SuSE Local Security Checks,2023-03-11
162544,SUSE SLES12 Security Update : openssl-1_1 (SUSE-SU-2022:2182-1),SuSE Local Security Checks,2023-03-11
162545,SUSE SLES12 Security Update : oracleasm (SUSE-SU-2022:2187-1),SuSE Local Security Checks,2023-03-11
162546,SUSE SLES12 Security Update : php72 (SUSE-SU-2022:2183-1),SuSE Local Security Checks,2023-03-11
162555,SUSE SLES15 / openSUSE 15 Security Update : rubygem-rack (SUSE-SU-2022:2192-1),SuSE Local Security Checks,2023-03-11
162556,SUSE SLES15 Security Update : mariadb (SUSE-SU-2022:2189-1),SuSE Local Security Checks,2023-03-11
162557,SUSE SLES12 Security Update : kernel (Live Patch 24 for SLE 12 SP5) (SUSE-SU-2022:2194-1),SuSE Local Security Checks,2023-03-11
162558,SUSE SLES15 Security Update : drbd (SUSE-SU-2022:2190-1),SuSE Local Security Checks,2023-03-11
162559,SUSE SLES15 Security Update : drbd (SUSE-SU-2022:2191-1),SuSE Local Security Checks,2023-03-11
162590,SUSE SLES12 Security Update : kernel (Live Patch 31 for SLE 12 SP5) (SUSE-SU-2022:2195-1),SuSE Local Security Checks,2023-03-11
162591,SUSE SLES12 / SLES15 Security Update : kernel (Live Patch 21 for SLE 12 SP5) (SUSE-SU-2022:2206-1),SuSE Local Security Checks,2023-03-11
162598,SUSE SLES12 Security Update : oracleasm (SUSE-SU-2022:2196-1),SuSE Local Security Checks,2023-03-11
162599,SUSE SLES12 Security Update : openssl-1_0_0 (SUSE-SU-2022:2197-1),SuSE Local Security Checks,2023-03-11
162607,SUSE SLES15 Security Update : kernel (Live Patch 14 for SLE 15 SP3) (SUSE-SU-2022:2216-1),SuSE Local Security Checks,2023-03-11
162608,SUSE SLES15 Security Update : kernel (Live Patch 19 for SLE 15 SP3) (SUSE-SU-2022:2214-1),SuSE Local Security Checks,2023-03-11
162609,SUSE SLES12 Security Update : kernel (Live Patch 23 for SLE 12 SP4) (SUSE-SU-2022:2217-1),SuSE Local Security Checks,2023-03-11
162692,SUSE SLES15 Security Update : kernel (Live Patch 0 for SLE 15 SP3) (SUSE-SU-2022:2239-1),SuSE Local Security Checks,2023-03-11
162693,SUSE SLES15 Security Update : kernel (Live Patch 27 for SLE 15 SP2) (SUSE-SU-2022:2237-1),SuSE Local Security Checks,2023-03-11
162694,SUSE SLES15 Security Update : kernel (Live Patch 15 for SLE 15 SP2) (SUSE-SU-2022:2230-1),SuSE Local Security Checks,2023-03-11
162695,SUSE SLES15 Security Update : kernel (Live Patch 25 for SLE 15) (SUSE-SU-2022:2220-1),SuSE Local Security Checks,2023-03-11
162707,SUSE SLES15 Security Update : kernel (Live Patch 11 for SLE 15 SP3) (SUSE-SU-2022:2245-1),SuSE Local Security Checks,2023-03-11
162710,SUSE SLES15 Security Update : salt (SUSE-SU-2022:2253-1),SuSE Local Security Checks,2023-03-11
162711,SUSE SLED15 / SLES15 / openSUSE 15 Security Update : qemu (SUSE-SU-2022:2260-1),SuSE Local Security Checks,2023-03-11
162714,SUSE SLED15 / SLES15 / openSUSE 15 Security Update : qemu (SUSE-SU-2022:2254-1),SuSE Local Security Checks,2023-03-11
162715,SUSE SLES15 Security Update : kernel (Live Patch 17 for SLE 15 SP3) (SUSE-SU-2022:2262-1),SuSE Local Security Checks,2023-03-11
162764,SUSE SLES15 Security Update : kernel (Live Patch 0 for SLE 15 SP4) (SUSE-SU-2022:2268-1),SuSE Local Security Checks,2023-03-11
162765,SUSE SLES12 Security Update : dpdk (SUSE-SU-2022:2271-1),SuSE Local Security Checks,2023-03-11
162766,SUSE SLED12 / SLES12 Security Update : ImageMagick (SUSE-SU-2022:2263-1),SuSE Local Security Checks,2023-03-11
162768,SUSE SLES15 Security Update : dpdk (SUSE-SU-2022:2273-1),SuSE Local Security Checks,2023-03-11
162769,SUSE SLES12 Security Update : dpdk (SUSE-SU-2022:2265-1),SuSE Local Security Checks,2023-03-11
162771,SUSE SLES12 Security Update : dpdk (SUSE-SU-2022:2274-1),SuSE Local Security Checks,2023-03-11
162774,SUSE SLES15 Security Update : dpdk (SUSE-SU-2022:2266-1),SuSE Local Security Checks,2023-03-11
162775,SUSE SLES15 Security Update : kernel (Live Patch 27 for SLE 15 SP1) (SUSE-SU-2022:2276-1),SuSE Local Security Checks,2023-03-11
162912,SUSE SLES15 / openSUSE 15 Security Update : php8 (SUSE-SU-2022:2303-1),SuSE Local Security Checks,2023-03-11
162924,SUSE SLES12 Security Update : rsyslog (SUSE-SU-2022:2331-1),SuSE Local Security Checks,2023-03-11
162925,SUSE SLES12 Security Update : kernel (Live Patch 20 for SLE 12 SP5) (SUSE-SU-2022:2281-1),SuSE Local Security Checks,2023-03-11
162930,SUSE SLES15 Security Update : oracleasm (SUSE-SU-2022:2316-1),SuSE Local Security Checks,2023-03-11
162931,SUSE SLED15 / SLES15 / openSUSE 15 Security Update : openssl-1_1 (SUSE-SU-2022:2328-1),SuSE Local Security Checks,2023-03-11
162933,SUSE SLES15 Security Update : salt (SUSE-SU-2022:2278-1),SuSE Local Security Checks,2023-03-11
162937,SUSE SLES15 / openSUSE 15 Security Update : haproxy (SUSE-SU-2022:2277-1),SuSE Local Security Checks,2023-03-11
162938,SUSE SLES12 Security Update : kernel (Live Patch 45 for SLE 12 SP3) (SUSE-SU-2022:2285-1),SuSE Local Security Checks,2023-03-11
162939,SUSE SLES12 Security Update : MozillaFirefox (SUSE-SU-2022:2289-1),SuSE Local Security Checks,2023-03-11
162944,SUSE SLES12 Security Update : crash (SUSE-SU-2022:2318-1),SuSE Local Security Checks,2023-03-11
162946,SUSE SLES12 Security Update : rsyslog (SUSE-SU-2022:2314-1),SuSE Local Security Checks,2023-03-11
162947,SUSE SLES12 Security Update : crash (SUSE-SU-2022:2319-1),SuSE Local Security Checks,2023-03-11
162952,SUSE SLES15 / openSUSE 15 Security Update : resource-agents (SUSE-SU-2022:2325-1),SuSE Local Security Checks,2023-03-11
162953,SUSE SLES15 Security Update : MozillaFirefox (SUSE-SU-2022:2279-1),SuSE Local Security Checks,2023-03-11
162954,SUSE SLES15 Security Update : fwupdate (SUSE-SU-2022:2287-1),SuSE Local Security Checks,2023-03-11
162955,SUSE SLED15 / SLES15 / openSUSE 15 Security Update : ldb  samba (SUSE-SU-2022:2307-1),SuSE Local Security Checks,2023-03-11
162957,SUSE SLES15 / openSUSE 15 Security Update : resource-agents (SUSE-SU-2022:2326-1),SuSE Local Security Checks,2023-03-11
162958,SUSE SLES15 Security Update : oracleasm (SUSE-SU-2022:2315-1),SuSE Local Security Checks,2023-03-11
162959,SUSE SLES12 Security Update : openssl-1_1 (SUSE-SU-2022:2312-1),SuSE Local Security Checks,2023-03-11
162961,SUSE SLES15 Security Update : openssl (SUSE-SU-2022:2309-1),SuSE Local Security Checks,2023-03-11
162963,SUSE SLES15 Security Update : openssl-1_1 (SUSE-SU-2022:2311-1),SuSE Local Security Checks,2023-03-11
162964,SUSE SLED15 / SLES15 / openSUSE 15 Security Update : fwupd (SUSE-SU-2022:2322-1),SuSE Local Security Checks,2023-03-11
162966,SUSE SLES12 Security Update : curl (SUSE-SU-2022:2288-1),SuSE Local Security Checks,2023-03-11
162996,SUSE SLES15 Security Update : resource-agents (SUSE-SU-2022:2336-1),SuSE Local Security Checks,2023-03-11
163001,SUSE SLES15 Security Update : oracleasm (SUSE-SU-2022:2343-1),SuSE Local Security Checks,2023-03-11
163002,SUSE SLES15 Security Update : apache2 (SUSE-SU-2022:2338-1),SuSE Local Security Checks,2023-03-11
163004,SUSE SLES15 Security Update : fwupd (SUSE-SU-2022:2345-1),SuSE Local Security Checks,2023-03-11
163007,SUSE SLES15 Security Update : resource-agents (SUSE-SU-2022:2337-1),SuSE Local Security Checks,2023-03-11
163009,SUSE SLES15 Security Update : python3 (SUSE-SU-2022:2351-1),SuSE Local Security Checks,2023-03-11
163015,SUSE SLES12 Security Update : rsyslog (SUSE-SU-2022:2333-1),SuSE Local Security Checks,2023-03-11
163016,SUSE SLES12 Security Update : curl (SUSE-SU-2022:2356-1),SuSE Local Security Checks,2023-03-11
163017,SUSE SLED12 / SLES12 Security Update : freerdp (SUSE-SU-2022:2352-1),SuSE Local Security Checks,2023-03-11
163018,SUSE SLES12 Security Update : resource-agents (SUSE-SU-2022:2335-1),SuSE Local Security Checks,2023-03-11
163019,SUSE SLED12 / SLES12 Security Update : pcre (SUSE-SU-2022:2334-1),SuSE Local Security Checks,2023-03-11
163058,SUSE SLES12 Security Update : xorg-x11-server (SUSE-SU-2022:2372-1),SuSE Local Security Checks,2023-03-11
163059,SUSE SLES12 Security Update : kernel (SUSE-SU-2022:2377-1),SuSE Local Security Checks,2023-03-11
163060,SUSE SLES15 Security Update : xorg-x11-server (SUSE-SU-2022:2374-1),SuSE Local Security Checks,2023-03-11
163061,SUSE SLES15 Security Update : xorg-x11-server (SUSE-SU-2022:2371-1),SuSE Local Security Checks,2023-03-11
163065,SUSE SLES12 Security Update : squid (SUSE-SU-2022:2367-1),SuSE Local Security Checks,2023-03-11
163066,SUSE SLES12 Security Update : xorg-x11-server (SUSE-SU-2022:2369-1),SuSE Local Security Checks,2023-03-11
163069,SUSE SLES12 Security Update : xorg-x11-server (SUSE-SU-2022:2373-1),SuSE Local Security Checks,2023-03-11
163091,SUSE SLES12 Security Update : kernel (SUSE-SU-2022:2379-1),SuSE Local Security Checks,2023-03-11
163093,SUSE SLES12 Security Update : squid (SUSE-SU-2022:2392-1),SuSE Local Security Checks,2023-03-11
163096,SUSE SLED12 / SLES12 Security Update : kernel (SUSE-SU-2022:2382-1),SuSE Local Security Checks,2023-03-11
163241,SUSE SLES12 Security Update : kernel (SUSE-SU-2022:2393-1),SuSE Local Security Checks,2023-03-11
163242,SUSE SLES12 Security Update : python-PyJWT (SUSE-SU-2022:2401-1),SuSE Local Security Checks,2023-03-11
163245,SUSE SLES15 Security Update : python-PyJWT (SUSE-SU-2022:2403-1),SuSE Local Security Checks,2023-03-11
163246,SUSE SLES12 Security Update : logrotate (SUSE-SU-2022:2398-1),SuSE Local Security Checks,2023-03-11
163311,Amazon Linux 2 : vim (ALAS-2022-1829),Amazon Linux Local Security Checks,2023-03-11
163326,Tenable Nessus Installed (Linux),Misc.,2023-03-14
163350,SUSE SLES15 Security Update : crash (SUSE-SU-2022:2410-1),SuSE Local Security Checks,2023-03-11
163351,SUSE SLES15 Security Update : kernel (Live Patch 27 for SLE 15 SP2) (SUSE-SU-2022:2435-1),SuSE Local Security Checks,2023-03-11
163353,SUSE SLES15 Security Update : kernel (Live Patch 30 for SLE 15) (SUSE-SU-2022:2460-1),SuSE Local Security Checks,2023-03-11
163354,SUSE SLES12 Security Update : kernel (Live Patch 24 for SLE 12 SP5) (SUSE-SU-2022:2438-1),SuSE Local Security Checks,2023-03-11
163355,SUSE SLES12 Security Update : nodejs12 (SUSE-SU-2022:2417-1),SuSE Local Security Checks,2023-03-11
163357,SUSE SLES12 Security Update : nodejs16 (SUSE-SU-2022:2415-1),SuSE Local Security Checks,2023-03-11
163359,SUSE SLES12 Security Update : kernel (Live Patch 32 for SLE 12 SP5) (SUSE-SU-2022:2443-1),SuSE Local Security Checks,2023-03-11
163361,SUSE SLES15 / openSUSE 15 Security Update : nodejs14 (SUSE-SU-2022:2425-1),SuSE Local Security Checks,2023-03-11
163362,SUSE SLES12 Security Update : kernel (Live Patch 27 for SLE 12 SP4) (SUSE-SU-2022:2445-1),SuSE Local Security Checks,2023-03-11
163363,SUSE SLES15 Security Update : kernel (SUSE-SU-2022:2407-1),SuSE Local Security Checks,2023-03-11
163364,SUSE SLES15 Security Update : crash (SUSE-SU-2022:2414-1),SuSE Local Security Checks,2023-03-11
163365,SUSE SLES15 / openSUSE 15 Security Update : nodejs12 (SUSE-SU-2022:2430-1),SuSE Local Security Checks,2023-03-11
163367,SUSE SLES15 Security Update : crash (SUSE-SU-2022:2409-1),SuSE Local Security Checks,2023-03-11
163369,SUSE SLES12 Security Update : kernel (Live Patch 23 for SLE 12 SP4) (SUSE-SU-2022:2444-1),SuSE Local Security Checks,2023-03-11
163373,SUSE SLES12 Security Update : nodejs14 (SUSE-SU-2022:2416-1),SuSE Local Security Checks,2023-03-11
163374,SUSE SLES15 Security Update : dovecot23 (SUSE-SU-2022:2432-1),SuSE Local Security Checks,2023-03-11
163378,SUSE SLED15 / SLES15 / openSUSE 15 Security Update : kernel (SUSE-SU-2022:2520-1),SuSE Local Security Checks,2023-03-11
163379,SUSE SLES12 / SLES15 Security Update : kernel (Live Patch 0 for SLE 15 SP4) (SUSE-SU-2022:2482-1),SuSE Local Security Checks,2023-03-11
163380,SUSE SLES15 Security Update : kernel (Live Patch 19 for SLE 15 SP3) (SUSE-SU-2022:2515-1),SuSE Local Security Checks,2023-03-11
163381,SUSE SLES15 Security Update : kernel (Live Patch 20 for SLE 15 SP3) (SUSE-SU-2022:2516-1),SuSE Local Security Checks,2023-03-11
163383,SUSE SLES15 Security Update : dovecot23 (SUSE-SU-2022:2431-1),SuSE Local Security Checks,2023-03-11
163384,SUSE SLES15 / openSUSE 15 Security Update : kernel (SUSE-SU-2022:2411-1),SuSE Local Security Checks,2023-03-11
163388,SUSE SLES12 Security Update : kernel (Live Patch 22 for SLE 12 SP4) (SUSE-SU-2022:2446-1),SuSE Local Security Checks,2023-03-11
163389,SUSE SLES15 Security Update : python2-numpy (SUSE-SU-2022:2441-1),SuSE Local Security Checks,2023-03-11
163390,SUSE SLES15 / openSUSE 15 Security Update : nodejs16 (SUSE-SU-2022:2491-1),SuSE Local Security Checks,2023-03-11
163391,SUSE SLES12 Security Update : kernel (SUSE-SU-2022:2478-1),SuSE Local Security Checks,2023-03-11
163392,SUSE SLES15 Security Update : kernel (Live Patch 17 for SLE 15 SP2) (SUSE-SU-2022:2461-1),SuSE Local Security Checks,2023-03-11
163417,SUSE SLES12 Security Update : gpg2 (SUSE-SU-2022:2529-1),SuSE Local Security Checks,2023-03-11
163418,SUSE SLES12 Security Update : webkit2gtk3 (SUSE-SU-2022:2522-1),SuSE Local Security Checks,2023-03-11
163419,SUSE SLES15 Security Update : webkit2gtk3 (SUSE-SU-2022:2524-1),SuSE Local Security Checks,2023-03-11
163423,SUSE SLES12 Security Update : python-M2Crypto (SUSE-SU-2022:2527-1),SuSE Local Security Checks,2023-03-11
163424,SUSE SLES12 Security Update : mozilla-nspr  mozilla-nss (SUSE-SU-2022:2536-1),SuSE Local Security Checks,2023-03-11
163425,SUSE SLES12 Security Update : git (SUSE-SU-2022:2537-1),SuSE Local Security Checks,2023-03-11
163426,SUSE SLES12 Security Update : java-1_8_0-openjdk (SUSE-SU-2022:2531-1),SuSE Local Security Checks,2023-03-11
163428,SUSE SLES15 Security Update : git (SUSE-SU-2022:2535-1),SuSE Local Security Checks,2023-03-11
163430,SUSE SLES12 Security Update : java-1_8_0-ibm (SUSE-SU-2022:2540-1),SuSE Local Security Checks,2023-03-11
163431,SUSE SLES12 Security Update : java-1_7_1-ibm (SUSE-SU-2022:2539-1),SuSE Local Security Checks,2023-03-11
163482,SUSE SLED15 / SLES15 / openSUSE 15 Security Update : kernel (SUSE-SU-2022:2549-1),SuSE Local Security Checks,2023-03-11
163484,SUSE SLES15 / openSUSE 15 Security Update : nodejs16 (SUSE-SU-2022:2551-1),SuSE Local Security Checks,2023-03-11
163487,SUSE SLES15 / openSUSE 15 Security Update : squid (SUSE-SU-2022:2553-1),SuSE Local Security Checks,2023-03-11
163506,SUSE SLES12 Security Update : xen (SUSE-SU-2022:2557-1),SuSE Local Security Checks,2023-03-11
163507,SUSE SLES12 Security Update : xen (SUSE-SU-2022:2560-1),SuSE Local Security Checks,2023-03-11
163508,SUSE SLES12 Security Update : pcre2 (SUSE-SU-2022:2565-1),SuSE Local Security Checks,2023-03-11
163510,SUSE SLES12 Security Update : xen (SUSE-SU-2022:2569-1),SuSE Local Security Checks,2023-03-11
163636,SUSE SLES15 Security Update : u-boot (SUSE-SU-2022:2584-1),SuSE Local Security Checks,2023-03-11
163637,SUSE SLED15 / SLES15 / openSUSE 15 Security Update : mozilla-nss (SUSE-SU-2022:2595-1),SuSE Local Security Checks,2023-03-11
163638,SUSE SLES15 Security Update : xen (SUSE-SU-2022:2600-1),SuSE Local Security Checks,2023-03-11
163639,SUSE SLES15 Security Update : samba (SUSE-SU-2022:2585-1),SuSE Local Security Checks,2023-03-11
163640,SUSE SLES15 Security Update : xen (SUSE-SU-2022:2591-1),SuSE Local Security Checks,2023-03-11
163641,SUSE SLES15 Security Update : xen (SUSE-SU-2022:2601-1),SuSE Local Security Checks,2023-03-11
163642,SUSE SLES15 Security Update : MozillaFirefox (SUSE-SU-2022:2596-1),SuSE Local Security Checks,2023-03-11
163644,SUSE SLES15 / openSUSE 15 Security Update : rubygem-tzinfo (SUSE-SU-2022:2592-1),SuSE Local Security Checks,2023-03-11
163648,SUSE SLED15 / SLES15 / openSUSE 15 Security Update : ldb  samba (SUSE-SU-2022:2586-1),SuSE Local Security Checks,2023-03-11
163683,SUSE SLES15 Security Update : booth (SUSE-SU-2022:2607-1),SuSE Local Security Checks,2023-03-11
163685,SUSE SLES15 Security Update : booth (SUSE-SU-2022:2606-1),SuSE Local Security Checks,2023-03-11
163687,SUSE SLES15 / openSUSE 15 Security Update : booth (SUSE-SU-2022:2609-1),SuSE Local Security Checks,2023-03-11
163690,SUSE SLES15 / openSUSE 15 Security Update : booth (SUSE-SU-2022:2608-1),SuSE Local Security Checks,2023-03-11
163691,SUSE SLED15 / SLES15 / openSUSE 15 Security Update : gimp (SUSE-SU-2022:2619-1),SuSE Local Security Checks,2023-03-11
163713,SUSE SLES12 Security Update : dovecot22 (SUSE-SU-2022:2618-1),SuSE Local Security Checks,2023-03-11
163714,SUSE SLES12 Security Update : crash (SUSE-SU-2022:2575-1),SuSE Local Security Checks,2023-03-11
163715,SUSE SLES12 Security Update : crash (SUSE-SU-2022:2578-1),SuSE Local Security Checks,2023-03-11
163716,SUSE SLES12 Security Update : booth (SUSE-SU-2022:2605-1),SuSE Local Security Checks,2023-03-11
163717,SUSE SLES12 Security Update : MozillaFirefox (SUSE-SU-2022:2602-1),SuSE Local Security Checks,2023-03-11
163720,SUSE SLES12 Security Update : xen (SUSE-SU-2022:2574-1),SuSE Local Security Checks,2023-03-11
163721,SUSE SLES12 Security Update : samba (SUSE-SU-2022:2582-1),SuSE Local Security Checks,2023-03-11
163722,SUSE SLES12 Security Update : java-11-openjdk (SUSE-SU-2022:2610-1),SuSE Local Security Checks,2023-03-11
163723,SUSE SLES15 / openSUSE 15 Security Update : samba (SUSE-SU-2022:2621-1),SuSE Local Security Checks,2023-03-11
163727,SUSE SLES12 Security Update : drbd (SUSE-SU-2022:2622-1),SuSE Local Security Checks,2023-03-11
163728,SUSE SLES12 Security Update : samba (SUSE-SU-2022:2598-1),SuSE Local Security Checks,2023-03-11
163752,SUSE SLES12 Security Update : kernel (SUSE-SU-2022:2629-1),SuSE Local Security Checks,2023-03-11
163798,SUSE SLED15 / SLES15 / openSUSE 15 Security Update : permissions (SUSE-SU-2022:2632-1),SuSE Local Security Checks,2023-03-11
163802,SUSE SLED15 / SLES15 / openSUSE 15 Security Update : mokutil (SUSE-SU-2022:2638-1),SuSE Local Security Checks,2023-03-11
163803,SUSE SLES15 / openSUSE 15 Security Update : samba (SUSE-SU-2022:2651-1),SuSE Local Security Checks,2023-03-11
163804,SUSE SLES12 Security Update : xscreensaver (SUSE-SU-2022:2642-1),SuSE Local Security Checks,2023-03-11
163806,SUSE SLED15 / SLES15 / openSUSE 15 Security Update : ldb  samba (SUSE-SU-2022:2659-1),SuSE Local Security Checks,2023-03-11
163812,SUSE SLES15 Security Update : mokutil (SUSE-SU-2022:2636-1),SuSE Local Security Checks,2023-03-11
163816,SUSE SLES12 Security Update : tiff (SUSE-SU-2022:2648-1),SuSE Local Security Checks,2023-03-11
163819,SUSE SLES15 Security Update : mokutil (SUSE-SU-2022:2635-1),SuSE Local Security Checks,2023-03-11
163820,SUSE SLES15 / openSUSE 15 Security Update : drbd (SUSE-SU-2022:2656-1),SuSE Local Security Checks,2023-03-11
163821,SUSE SLES15 / openSUSE 15 Security Update : oracleasm (SUSE-SU-2022:2657-1),SuSE Local Security Checks,2023-03-11
163825,SUSE SLES12 Security Update : python-numpy (SUSE-SU-2022:2645-1),SuSE Local Security Checks,2023-03-11
163826,SUSE SLES12 Security Update : mokutil (SUSE-SU-2022:2637-1),SuSE Local Security Checks,2023-03-11
163852,Amazon Linux AMI : vim (ALAS-2022-1628),Amazon Linux Local Security Checks,2023-03-11
163874,SUSE SLES12 Security Update : qpdf (SUSE-SU-2022:2669-1),SuSE Local Security Checks,2023-03-11
163875,SUSE SLED15 / SLES15 / openSUSE 15 Security Update : go1.18 (SUSE-SU-2022:2672-1),SuSE Local Security Checks,2023-03-11
163876,SUSE SLES15 Security Update : u-boot (SUSE-SU-2022:2667-1),SuSE Local Security Checks,2023-03-11
163877,SUSE SLES12 Security Update : u-boot (SUSE-SU-2022:2666-1),SuSE Local Security Checks,2023-03-11
163901,SUSE SLES12 Security Update : dpkg (SUSE-SU-2022:2689-1),SuSE Local Security Checks,2023-03-11
163902,SUSE SLES12 Security Update : wavpack (SUSE-SU-2022:2682-1),SuSE Local Security Checks,2023-03-11
163925,SUSE SLES15 Security Update : kernel (Live Patch 19 for SLE 15 SP3) (SUSE-SU-2022:2696-1),SuSE Local Security Checks,2023-03-11
163930,SUSE SLES12 Security Update : kernel (Live Patch 24 for SLE 12 SP4) (SUSE-SU-2022:2699-1),SuSE Local Security Checks,2023-03-11
163931,SUSE SLES12 Security Update : kernel (Live Patch 27 for SLE 12 SP4) (SUSE-SU-2022:2697-1),SuSE Local Security Checks,2023-03-11
163975,SUSE SLES12 Security Update : u-boot (SUSE-SU-2022:2712-1),SuSE Local Security Checks,2023-03-11
163976,SUSE SLED15 / SLES15 / openSUSE 15 Security Update : ncurses (SUSE-SU-2022:2717-1),SuSE Local Security Checks,2023-03-11
163979,SUSE SLES12 Security Update : kernel (SUSE-SU-2022:2720-1),SuSE Local Security Checks,2023-03-11
163981,SUSE SLES15 Security Update : kernel (Live Patch 27 for SLE 15 SP1) (SUSE-SU-2022:2728-1),SuSE Local Security Checks,2023-03-11
163988,SUSE SLES15 Security Update : kernel (Live Patch 12 for SLE 15 SP3) (SUSE-SU-2022:2726-1),SuSE Local Security Checks,2023-03-11
163989,SUSE SLES12 / SLES15 Security Update : kernel (Live Patch 23 for SLE 12 SP4) (SUSE-SU-2022:2709-1),SuSE Local Security Checks,2023-03-11
163990,SUSE SLES12 / SLES15 Security Update : kernel (Live Patch 26 for SLE 12 SP4) (SUSE-SU-2022:2710-1),SuSE Local Security Checks,2023-03-11
163991,SUSE SLED12 / SLES12 Security Update : kernel (SUSE-SU-2022:2719-1),SuSE Local Security Checks,2023-03-11
163992,SUSE SLES12 Security Update : ncurses (SUSE-SU-2022:2718-1),SuSE Local Security Checks,2023-03-11
163993,SUSE SLED15 / SLES15 / openSUSE 15 Security Update : bind (SUSE-SU-2022:2713-1),SuSE Local Security Checks,2023-03-11
163994,SUSE SLES12 Security Update : kernel (SUSE-SU-2022:2721-1),SuSE Local Security Checks,2023-03-11
163996,SUSE SLES15 Security Update : kernel (SUSE-SU-2022:2723-1),SuSE Local Security Checks,2023-03-11
163998,SUSE SLES15 Security Update : kernel (Live Patch 17 for SLE 15 SP3) (SUSE-SU-2022:2732-1),SuSE Local Security Checks,2023-03-11
164000,SUSE SLES12 Security Update : mokutil (SUSE-SU-2022:2716-1),SuSE Local Security Checks,2023-03-11
164001,SUSE SLES15 Security Update : kernel (Live Patch 28 for SLE 15 SP1) (SUSE-SU-2022:2700-1),SuSE Local Security Checks,2023-03-11
164002,SUSE SLES15 Security Update : kernel (Live Patch 16 for SLE 15 SP3) (SUSE-SU-2022:2727-1),SuSE Local Security Checks,2023-03-11
164055,SUSE SLES15 Security Update : kernel (Live Patch 10 for SLE 15 SP3) (SUSE-SU-2022:2770-1),SuSE Local Security Checks,2023-03-11
164056,SUSE SLES12 Security Update : oracleasm (SUSE-SU-2022:2747-1),SuSE Local Security Checks,2023-03-11
164058,SUSE SLES12 / SLES15 Security Update : kernel (Live Patch 30 for SLE 15) (SUSE-SU-2022:2762-1),SuSE Local Security Checks,2023-03-11
164060,SUSE SLES12 / SLES15 Security Update : kernel (Live Patch 29 for SLE 15) (SUSE-SU-2022:2750-1),SuSE Local Security Checks,2023-03-11
164062,SUSE SLES15 Security Update : kernel (Live Patch 22 for SLE 15 SP3) (SUSE-SU-2022:2761-1),SuSE Local Security Checks,2023-03-11
164064,SUSE SLES15 Security Update : kernel (Live Patch 18 for SLE 15 SP2) (SUSE-SU-2022:2776-1),SuSE Local Security Checks,2023-03-11
164065,SUSE SLES12 Security Update : kernel (Live Patch 26 for SLE 12 SP5) (SUSE-SU-2022:2745-1),SuSE Local Security Checks,2023-03-11
164066,SUSE SLES15 Security Update : kernel (Live Patch 7 for SLE 15 SP3) (SUSE-SU-2022:2766-1),SuSE Local Security Checks,2023-03-11
164067,SUSE SLES15 Security Update : kernel (Live Patch 11 for SLE 15 SP3) (SUSE-SU-2022:2738-1),SuSE Local Security Checks,2023-03-11
164069,SUSE SLES15 Security Update : kernel (Live Patch 18 for SLE 15 SP3) (SUSE-SU-2022:2759-1),SuSE Local Security Checks,2023-03-11
164095,SUSE SLES15 Security Update : kernel (Live Patch 27 for SLE 15 SP2) (SUSE-SU-2022:2781-1),SuSE Local Security Checks,2023-03-11
164096,SUSE SLES15 Security Update : trousers (SUSE-SU-2022:2798-1),SuSE Local Security Checks,2023-03-11
164097,SUSE SLES15 Security Update : kernel (Live Patch 21 for SLE 15 SP2) (SUSE-SU-2022:2783-1),SuSE Local Security Checks,2023-03-11
164098,SUSE SLES15 Security Update : kernel (Live Patch 26 for SLE 15 SP2) (SUSE-SU-2022:2779-1),SuSE Local Security Checks,2023-03-11
164099,SUSE SLED15 / SLES15 / openSUSE 15 Security Update : kernel (SUSE-SU-2022:2803-1),SuSE Local Security Checks,2023-03-11
164101,SUSE SLES12 Security Update : kernel (Live Patch 22 for SLE 12 SP5) (SUSE-SU-2022:2789-1),SuSE Local Security Checks,2023-03-11
164102,SUSE SLES12 Security Update : dbus-1 (SUSE-SU-2022:2788-1),SuSE Local Security Checks,2023-03-11
164103,SUSE SLES12 Security Update : python-numpy (SUSE-SU-2022:2793-1),SuSE Local Security Checks,2023-03-11
164104,SUSE SLES12 Security Update : cifs-utils (SUSE-SU-2022:2802-1),SuSE Local Security Checks,2023-03-11
164105,SUSE SLES12 Security Update : trousers (SUSE-SU-2022:2800-1),SuSE Local Security Checks,2023-03-11
164106,SUSE SLES12 Security Update : kernel (Live Patch 23 for SLE 12 SP5) (SUSE-SU-2022:2780-1),SuSE Local Security Checks,2023-03-11
164138,SUSE SLES15 Security Update : kernel (SUSE-SU-2022:2809-1),SuSE Local Security Checks,2023-03-11
164139,SUSE SLES12 Security Update : kernel (SUSE-SU-2022:2808-1),SuSE Local Security Checks,2023-03-11
164140,SUSE SLES12 Security Update : open-iscsi (SUSE-SU-2022:2806-1),SuSE Local Security Checks,2023-03-11
164174,SUSE SLES12 Security Update : python-Twisted (SUSE-SU-2022:2811-1),SuSE Local Security Checks,2023-03-11
164185,SUSE SLES12 Security Update : compat-openssl098 (SUSE-SU-2022:2824-1),SuSE Local Security Checks,2023-03-11
164220,SUSE SLES12 Security Update : java-1_8_0-openjdk (SUSE-SU-2022:2819-1),SuSE Local Security Checks,2023-03-11
164224,SUSE SLES12 Security Update : curl (SUSE-SU-2022:2813-1),SuSE Local Security Checks,2023-03-11
164231,SUSE SLES15 Security Update : webkit2gtk3 (SUSE-SU-2022:2821-1),SuSE Local Security Checks,2023-03-11
164252,SUSE SLES15 / openSUSE 15 Security Update : kernel (SUSE-SU-2022:2827-1),SuSE Local Security Checks,2023-03-11
164262,SUSE SLES15 Security Update : curl (SUSE-SU-2022:2829-1),SuSE Local Security Checks,2023-03-11
164265,SUSE SLES15 Security Update : gnutls (SUSE-SU-2022:2830-1),SuSE Local Security Checks,2023-03-11
164266,SUSE SLED12 / SLES12 Security Update : ntfs-3g_ntfsprogs (SUSE-SU-2022:2836-1),SuSE Local Security Checks,2023-03-11
164267,SUSE SLES15 Security Update : ucode-intel (SUSE-SU-2022:2833-1),SuSE Local Security Checks,2023-03-11
164268,SUSE SLES15 Security Update : ucode-intel (SUSE-SU-2022:2832-1),SuSE Local Security Checks,2023-03-11
164302,SUSE SLES12 Security Update : rsync (SUSE-SU-2022:2859-1),SuSE Local Security Checks,2023-03-11
164303,SUSE SLES12 Security Update : ucode-intel (SUSE-SU-2022:2838-1),SuSE Local Security Checks,2023-03-11
164304,SUSE SLES15 / openSUSE 15 Security Update : nodejs10 (SUSE-SU-2022:2855-1),SuSE Local Security Checks,2023-03-11
164305,SUSE SLES12 Security Update : ucode-intel (SUSE-SU-2022:2842-1),SuSE Local Security Checks,2023-03-11
164306,SUSE SLES15 Security Update : python-PyYAML (SUSE-SU-2022:2841-1),SuSE Local Security Checks,2023-03-11
164307,SUSE SLES12 Security Update : kernel (SUSE-SU-2022:2840-1),SuSE Local Security Checks,2023-03-11
164308,SUSE SLES15 Security Update : bluez (SUSE-SU-2022:2837-1),SuSE Local Security Checks,2023-03-11
164309,SUSE SLES15 Security Update : kernel (Live Patch 0 for SLE 15 SP4) (SUSE-SU-2022:2854-1),SuSE Local Security Checks,2023-03-11
164310,SUSE SLES12 Security Update : zlib (SUSE-SU-2022:2845-1),SuSE Local Security Checks,2023-03-11
164311,SUSE SLES12 Security Update : zlib (SUSE-SU-2022:2846-1),SuSE Local Security Checks,2023-03-11
164312,SUSE SLES12 Security Update : zlib (SUSE-SU-2022:2847-1),SuSE Local Security Checks,2023-03-11
164315,SUSE SLES12 Security Update : rsync (SUSE-SU-2022:2858-1),SuSE Local Security Checks,2023-03-11
164318,GLSA-202208-32 : Vim  gVim: Multiple Vulnerabilities,Gentoo Local Security Checks,2023-03-11
164331,SUSE SLES15 / openSUSE 15 Security Update : rubygem-rails-html-sanitizer (SUSE-SU-2022:2870-1),SuSE Local Security Checks,2023-03-11
164333,SUSE SLES12 Security Update : open-iscsi (SUSE-SU-2022:2861-1),SuSE Local Security Checks,2023-03-11
164335,SUSE SLES15 Security Update : bluez (SUSE-SU-2022:2864-1),SuSE Local Security Checks,2023-03-11
164336,SUSE SLED12 / SLES12 Security Update : gimp (SUSE-SU-2022:2867-1),SuSE Local Security Checks,2023-03-11
164367,SUSE SLES12 Security Update : perl-HTTP-Daemon (SUSE-SU-2022:2872-1),SuSE Local Security Checks,2023-03-11
164368,SUSE SLES15 Security Update : python-lxml (SUSE-SU-2022:2878-1),SuSE Local Security Checks,2023-03-11
164369,SUSE SLES15 / openSUSE 15 Security Update : dpdk (SUSE-SU-2022:2880-1),SuSE Local Security Checks,2023-03-11
164371,SUSE SLES12 Security Update : p11-kit (SUSE-SU-2022:2871-1),SuSE Local Security Checks,2023-03-11
164373,SUSE SLED15 / SLES15 / openSUSE 15 Security Update : kernel (SUSE-SU-2022:2875-1),SuSE Local Security Checks,2023-03-11
164426,SUSE SLES12 Security Update : glibc (SUSE-SU-2022:2886-1),SuSE Local Security Checks,2023-03-11
164439,SUSE SLED12 / SLES12 Security Update : raptor (SUSE-SU-2022:2895-1),SuSE Local Security Checks,2023-03-11
164441,SUSE SLED12 / SLES12 Security Update : freerdp (SUSE-SU-2022:2890-1),SuSE Local Security Checks,2023-03-11
164442,SUSE SLES12 Security Update : java-1_7_1-ibm (SUSE-SU-2022:2898-1),SuSE Local Security Checks,2023-03-11
164444,SUSE SLES12 Security Update : java-1_8_0-ibm (SUSE-SU-2022:2899-1),SuSE Local Security Checks,2023-03-11
164445,SUSE SLED12 / SLES12 Security Update : bluez (SUSE-SU-2022:2900-1),SuSE Local Security Checks,2023-03-11
164447,SUSE SLES15 Security Update : postgresql10 (SUSE-SU-2022:2893-1),SuSE Local Security Checks,2023-03-11
164460,SUSE SLES12 Security Update : postgresql10 (SUSE-SU-2022:2914-1),SuSE Local Security Checks,2023-03-11
164461,SUSE SLES12 Security Update : postgresql13 (SUSE-SU-2022:2912-1),SuSE Local Security Checks,2023-03-11
164462,SUSE SLES12 Security Update : gstreamer-plugins-good (SUSE-SU-2022:2911-1),SuSE Local Security Checks,2023-03-11
164464,SUSE SLES12 Security Update : libcroco (SUSE-SU-2022:2909-1),SuSE Local Security Checks,2023-03-11
164465,SUSE SLES15 / openSUSE 15 Security Update : keepalived (SUSE-SU-2022:2923-1),SuSE Local Security Checks,2023-03-11
164466,SUSE SLES12 Security Update : kernel (SUSE-SU-2022:2910-1),SuSE Local Security Checks,2023-03-11
164467,SUSE SLES12 Security Update : webkit2gtk3 (SUSE-SU-2022:2915-1),SuSE Local Security Checks,2023-03-11
164469,SUSE SLED15 / SLES15 / openSUSE 15 Security Update : python-lxml (SUSE-SU-2022:2908-1),SuSE Local Security Checks,2023-03-11
164496,SUSE SLES12 Security Update : open-vm-tools (SUSE-SU-2022:2935-1),SuSE Local Security Checks,2023-03-11
164497,SUSE SLES12 Security Update : open-vm-tools (SUSE-SU-2022:2940-1),SuSE Local Security Checks,2023-03-11
164541,SUSE SLES15 Security Update : bluez (SUSE-SU-2022:2948-1),SuSE Local Security Checks,2023-03-11
164542,SUSE SLES15 Security Update : postgresql12 (SUSE-SU-2022:2958-1),SuSE Local Security Checks,2023-03-11
164545,SUSE SLES15 Security Update : open-vm-tools (SUSE-SU-2022:2961-1),SuSE Local Security Checks,2023-03-11
164633,SUSE SLES15 Security Update : libtirpc (SUSE-SU-2022:2991-1),SuSE Local Security Checks,2023-03-11
164635,SUSE SLES15 Security Update : open-vm-tools (SUSE-SU-2022:2986-1),SuSE Local Security Checks,2023-03-11
164636,SUSE SLES15 Security Update : MozillaFirefox (SUSE-SU-2022:2984-1),SuSE Local Security Checks,2023-03-11
164637,SUSE SLES12 Security Update : open-vm-tools (SUSE-SU-2022:2962-1),SuSE Local Security Checks,2023-03-11
164642,SUSE SLES15 Security Update : flatpak (SUSE-SU-2022:2990-1),SuSE Local Security Checks,2023-03-11
164643,SUSE SLES15 Security Update : open-vm-tools (SUSE-SU-2022:2985-1),SuSE Local Security Checks,2023-03-11
164663,SUSE SLES15 Security Update : python-pyxdg (SUSE-SU-2022:2997-1),SuSE Local Security Checks,2023-03-11
164664,SUSE SLES12 Security Update : json-c (SUSE-SU-2022:3001-1),SuSE Local Security Checks,2023-03-11
164666,SUSE SLES12 Security Update : MozillaFirefox (SUSE-SU-2022:3007-1),SuSE Local Security Checks,2023-03-11
164668,SUSE SLES12 Security Update : curl (SUSE-SU-2022:3005-1),SuSE Local Security Checks,2023-03-11
164686,SUSE SLES12 / SLES15 Security Update : kernel (Live Patch 32 for SLE 15) (SUSE-SU-2022:3064-1),SuSE Local Security Checks,2023-03-11
164688,SUSE SLES15 Security Update : kernel (Live Patch 23 for SLE 15 SP3) (SUSE-SU-2022:3080-1),SuSE Local Security Checks,2023-03-11
164689,SUSE SLES15 Security Update : kernel (Live Patch 1 for SLE 15 SP4) (SUSE-SU-2022:3072-1),SuSE Local Security Checks,2023-03-11
164691,SUSE SLED12 / SLES12 Security Update : libgda (SUSE-SU-2022:3016-1),SuSE Local Security Checks,2023-03-11
164702,SUSE SLES15 / openSUSE 15 Security Update : 389-ds (SUSE-SU-2022:3029-1),SuSE Local Security Checks,2023-03-11
164766,Amazon Linux 2022 :  (ALAS2022-2022-116),Amazon Linux Local Security Checks,2023-03-11
164880,SUSE SLED15 / SLES15 / openSUSE 15 Security Update : gdk-pixbuf (SUSE-SU-2022:3153-1),SuSE Local Security Checks,2023-03-11
164882,SUSE SLES15 Security Update : kernel (Live Patch 0 for SLE 15 SP4) (SUSE-SU-2022:3108-1),SuSE Local Security Checks,2023-03-11
164883,SUSE SLES12 Security Update : clamav (SUSE-SU-2022:3125-1),SuSE Local Security Checks,2023-03-11
164884,SUSE SLES15 Security Update : kernel (Live Patch 29 for SLE 15 SP2) (SUSE-SU-2022:3088-1),SuSE Local Security Checks,2023-03-11
164886,SUSE SLES15 Security Update : kernel (Live Patch 2 for SLE 15 SP4) (SUSE-SU-2022:3123-1),SuSE Local Security Checks,2023-03-11
164887,SUSE SLES12 Security Update : openvswitch (SUSE-SU-2022:3098-1),SuSE Local Security Checks,2023-03-11
164888,SUSE SLES12 Security Update : zabbix (SUSE-SU-2022:3101-1),SuSE Local Security Checks,2023-03-11
164900,SUSE SLES12 Security Update : rubygem-rake (SUSE-SU-2022:3212-1),SuSE Local Security Checks,2023-03-11
164901,SUSE SLED15 / SLES15 / openSUSE 15 Security Update : libEMF (SUSE-SU-2022:3191-1),SuSE Local Security Checks,2023-03-11
164902,SUSE SLES12 Security Update : nodejs16 (SUSE-SU-2022:3196-1),SuSE Local Security Checks,2023-03-11
164903,SUSE SLES15 Security Update : php8-pear (SUSE-SU-2022:3198-1),SuSE Local Security Checks,2023-03-11
164914,SUSE SLES12 / SLES15 Security Update : kernel (Live Patch 10 for SLE 15 SP3) (SUSE-SU-2022:3061-1),SuSE Local Security Checks,2023-03-11
164918,SUSE SLES15 Security Update : gpg2 (SUSE-SU-2022:3144-1),SuSE Local Security Checks,2023-03-11
164923,SUSE SLED15 / SLES15 / openSUSE 15 Security Update : ImageMagick (SUSE-SU-2022:3119-1),SuSE Local Security Checks,2023-03-11
164924,SUSE SLED12 / SLES12 Security Update : libEMF (SUSE-SU-2022:3190-1),SuSE Local Security Checks,2023-03-11
164925,SUSE SLES12 Security Update : webkit2gtk3 (SUSE-SU-2022:3136-1),SuSE Local Security Checks,2023-03-11
164926,SUSE SLES12 Security Update : udisks2 (SUSE-SU-2022:3160-1),SuSE Local Security Checks,2023-03-11
164927,SUSE SLES12 Security Update : clamav (SUSE-SU-2022:3139-1),SuSE Local Security Checks,2023-03-11
164928,SUSE SLES12 Security Update : postgresql12 (SUSE-SU-2022:3193-1),SuSE Local Security Checks,2023-03-11
164930,SUSE SLES12 Security Update : java-1_8_0-ibm (SUSE-SU-2022:3152-1),SuSE Local Security Checks,2023-03-11
164931,SUSE SLED12 / SLES12 Security Update : ImageMagick (SUSE-SU-2022:3138-1),SuSE Local Security Checks,2023-03-11
164932,SUSE SLES12 Security Update : libnl3 (SUSE-SU-2022:3208-1),SuSE Local Security Checks,2023-03-11
164933,SUSE SLES12 Security Update : libnl-1_1 (SUSE-SU-2022:3207-1),SuSE Local Security Checks,2023-03-11
164934,SUSE SLED12 / SLES12 Security Update : icu (SUSE-SU-2022:3140-1),SuSE Local Security Checks,2023-03-11
164936,SUSE SLES12 Security Update : python-PyYAML (SUSE-SU-2022:3231-1),SuSE Local Security Checks,2023-03-11
164938,Slackware Linux 15.0 / current vim  Vulnerability (SSA:2022-252-01),Slackware Local Security Checks,2023-03-11
164939,SUSE SLES15 Security Update : mariadb (SUSE-SU-2022:3225-1),SuSE Local Security Checks,2023-03-11
164940,SUSE SLED15 / SLES15 / openSUSE 15 Security Update : vim (SUSE-SU-2022:3229-1),SuSE Local Security Checks,2023-03-11
164941,SUSE SLES15 / openSUSE 15 Security Update : keepalived (SUSE-SU-2022:3232-1),SuSE Local Security Checks,2023-03-11
164965,SUSE SLES15 Security Update : python2-numpy (SUSE-SU-2022:1064-2),SuSE Local Security Checks,2023-03-11
164966,SUSE SLED15 / SLES15 / openSUSE 15 Security Update : samba (SUSE-SU-2022:3244-1),SuSE Local Security Checks,2023-03-11
164981,SUSE SLES15 / openSUSE 15 Security Update : rubygem-kramdown (SUSE-SU-2022:3259-1),SuSE Local Security Checks,2023-03-11
165028,EulerOS 2.0 SP9 : vim (EulerOS-SA-2022-2336),Huawei Local Security Checks,2023-03-11
165039,EulerOS 2.0 SP9 : vim (EulerOS-SA-2022-2307),Huawei Local Security Checks,2023-03-11
165189,SUSE SLES12 Security Update : kernel (SUSE-SU-2022:3274-1),SuSE Local Security Checks,2023-03-11
165191,SUSE SLES12 Security Update : samba (SUSE-SU-2022:3270-1),SuSE Local Security Checks,2023-03-11
165192,SUSE SLES15 Security Update : MozillaFirefox (SUSE-SU-2022:3272-1),SuSE Local Security Checks,2023-03-11
165193,SUSE SLES12 Security Update : kernel (SUSE-SU-2022:3263-1),SuSE Local Security Checks,2023-03-11
165194,SUSE SLES12 Security Update : postgresql14 (SUSE-SU-2022:3269-1),SuSE Local Security Checks,2023-03-11
165196,SUSE SLED12 / SLES12 Security Update : kernel (SUSE-SU-2022:3265-1),SuSE Local Security Checks,2023-03-11
165197,SUSE SLED12 / SLES12 Security Update : libzapojit (SUSE-SU-2022:3266-1),SuSE Local Security Checks,2023-03-11
165198,SUSE SLES12 Security Update : MozillaFirefox (SUSE-SU-2022:3273-1),SuSE Local Security Checks,2023-03-11
165201,SUSE SLED15 / SLES15 / openSUSE 15 Security Update : kernel (SUSE-SU-2022:3264-1),SuSE Local Security Checks,2023-03-11
165227,SUSE SLES15 Security Update : flatpak (SUSE-SU-2022:3284-1),SuSE Local Security Checks,2023-03-11
165228,SUSE SLES12 Security Update : kernel (SUSE-SU-2022:3282-1),SuSE Local Security Checks,2023-03-11
165229,SUSE SLES15 / openSUSE 15 Security Update : 389-ds (SUSE-SU-2022:3286-1),SuSE Local Security Checks,2023-03-11
165230,SUSE SLED15 / SLES15 / openSUSE 15 Security Update : kernel (SUSE-SU-2022:3293-1),SuSE Local Security Checks,2023-03-11
165232,SUSE SLES12 Security Update : kernel (SUSE-SU-2022:3294-1),SuSE Local Security Checks,2023-03-11
165234,SUSE SLES15 Security Update : kernel (SUSE-SU-2022:3291-1),SuSE Local Security Checks,2023-03-11
165253,SUSE SLED15 / SLES15 / openSUSE 15 Security Update : wireshark (SUSE-SU-2022:3309-1),SuSE Local Security Checks,2023-03-11
165254,SUSE SLES15 Security Update : libcontainers-common (SUSE-SU-2022:3312-1),SuSE Local Security Checks,2023-03-11
165306,SUSE SLES12 Security Update : libconfuse0 (SUSE-SU-2022:3331-1),SuSE Local Security Checks,2023-03-11
165334,SUSE SLES15 Security Update : freetype2 (SUSE-SU-2022:3252-2),SuSE Local Security Checks,2023-03-11
165387,EulerOS Virtualization 2.9.0 : vim (EulerOS-SA-2022-2405),Huawei Local Security Checks,2023-03-11
165415,EulerOS Virtualization 2.9.1 : vim (EulerOS-SA-2022-2369),Huawei Local Security Checks,2023-03-11
165418,SUSE SLES15 / openSUSE 15 Security Update : rubygem-rack (SUSE-SU-2022:3347-1),SuSE Local Security Checks,2023-03-11
165421,SUSE SLES12 Security Update : kernel (Live Patch 27 for SLE 12 SP4) (SUSE-SU-2022:3346-1),SuSE Local Security Checks,2023-03-11
165422,SUSE SLES15 Security Update : dpdk (SUSE-SU-2022:3356-1),SuSE Local Security Checks,2023-03-11
165423,SUSE SLES15 Security Update : kernel (Live Patch 28 for SLE 15) (SUSE-SU-2022:3360-1),SuSE Local Security Checks,2023-03-11
165424,SUSE SLES15 Security Update : webkit2gtk3 (SUSE-SU-2022:3352-1),SuSE Local Security Checks,2023-03-11
165425,SUSE SLES12 Security Update : puppet (SUSE-SU-2022:3355-1),SuSE Local Security Checks,2023-03-11
165426,SUSE SLES12 Security Update : kernel (Live Patch 24 for SLE 12 SP5) (SUSE-SU-2022:3350-1),SuSE Local Security Checks,2023-03-11
165428,SUSE SLES12 Security Update : kernel (Live Patch 23 for SLE 12 SP4) (SUSE-SU-2022:3342-1),SuSE Local Security Checks,2023-03-11
165433,SUSE SLES15 Security Update : kernel (Live Patch 14 for SLE 15 SP3) (SUSE-SU-2022:3368-1),SuSE Local Security Checks,2023-03-11
165434,SUSE SLES12 / SLES15 Security Update : kernel (Live Patch 28 for SLE 15 SP1) (SUSE-SU-2022:3359-1),SuSE Local Security Checks,2023-03-11
165435,SUSE SLES15 Security Update : kernel (Live Patch 31 for SLE 15 SP1) (SUSE-SU-2022:3366-1),SuSE Local Security Checks,2023-03-11
165436,SUSE SLES15 Security Update : kernel (Live Patch 20 for SLE 15 SP3) (SUSE-SU-2022:3369-1),SuSE Local Security Checks,2023-03-11
165437,SUSE SLES12 / SLES15 Security Update : kernel (Live Patch 30 for SLE 12 SP4) (SUSE-SU-2022:3362-1),SuSE Local Security Checks,2023-03-11
165448,SUSE SLES12 Security Update : kernel (Live Patch 35 for SLE 12 SP5) (SUSE-SU-2022:3379-1),SuSE Local Security Checks,2023-03-11
165450,SUSE SLES12 / SLES15 Security Update : kernel (Live Patch 0 for SLE 15 SP4) (SUSE-SU-2022:3370-1),SuSE Local Security Checks,2023-03-11
165451,SUSE SLES12 / SLES15 Security Update : kernel (Live Patch 22 for SLE 15 SP3) (SUSE-SU-2022:3377-1),SuSE Local Security Checks,2023-03-11
165452,SUSE SLES12 Security Update : kernel (Live Patch 28 for SLE 12 SP4) (SUSE-SU-2022:3372-1),SuSE Local Security Checks,2023-03-11
165453,SUSE SLES12 Security Update : kernel (Live Patch 26 for SLE 12 SP4) (SUSE-SU-2022:3373-1),SuSE Local Security Checks,2023-03-11
165456,CrowdStrike Falcon Sensor Installed (Linux),Service detection,2023-03-14
165481,SUSE SLES12 Security Update : sqlite3 (SUSE-SU-2022:3401-1),SuSE Local Security Checks,2023-03-11
165482,SUSE SLES12 Security Update : openvswitch (SUSE-SU-2022:3384-1),SuSE Local Security Checks,2023-03-11
165483,SUSE SLES15 Security Update : kernel (Live Patch 2 for SLE 15 SP4) (SUSE-SU-2022:3406-1),SuSE Local Security Checks,2023-03-11
165484,SUSE SLED15 / SLES15 / openSUSE 15 Security Update : mariadb (SUSE-SU-2022:3391-1),SuSE Local Security Checks,2023-03-11
165485,SUSE SLES12 / SLES15 Security Update : kernel (Live Patch 1 for SLE 15 SP4) (SUSE-SU-2022:3412-1),SuSE Local Security Checks,2023-03-11
165492,SUSE SLES12 Security Update : vsftpd (SUSE-SU-2022:3383-1),SuSE Local Security Checks,2023-03-11
165493,SUSE SLED12 / SLES12 Security Update : podofo (SUSE-SU-2022:3385-1),SuSE Local Security Checks,2023-03-11
165494,SUSE SLES15 Security Update : kernel (Live Patch 23 for SLE 15 SP3) (SUSE-SU-2022:3415-1),SuSE Local Security Checks,2023-03-11
165495,SUSE SLES12 Security Update : permissions (SUSE-SU-2022:3382-1),SuSE Local Security Checks,2023-03-11
165496,SUSE SLES15 Security Update : kernel (Live Patch 24 for SLE 15 SP3) (SUSE-SU-2022:3411-1),SuSE Local Security Checks,2023-03-11
165497,SUSE SLES12 / SLES15 Security Update : kernel (Live Patch 16 for SLE 15 SP3) (SUSE-SU-2022:3407-1),SuSE Local Security Checks,2023-03-11
165498,SUSE SLES12 Security Update : unzip (SUSE-SU-2022:3386-1),SuSE Local Security Checks,2023-03-11
165501,SUSE SLES15 / openSUSE 15 Security Update : kernel (SUSE-SU-2022:3408-1),SuSE Local Security Checks,2023-03-11
165554,SUSE SLES15 Security Update : MozillaFirefox (SUSE-SU-2022:3441-1),SuSE Local Security Checks,2023-03-11
165555,SUSE SLES12 Security Update : MozillaFirefox (SUSE-SU-2022:3440-1),SuSE Local Security Checks,2023-03-11
165557,SUSE SLES12 Security Update : libcaca (SUSE-SU-2022:3428-1),SuSE Local Security Checks,2023-03-11
165560,SUSE SLES15 Security Update : kernel (Live Patch 19 for SLE 15 SP3) (SUSE-SU-2022:3432-1),SuSE Local Security Checks,2023-03-11
165561,SUSE SLES15 Security Update : flatpak (SUSE-SU-2022:3439-1),SuSE Local Security Checks,2023-03-11
165562,SUSE SLES12 Security Update : kernel (SUSE-SU-2022:3422-1),SuSE Local Security Checks,2023-03-11
165563,SUSE SLES15 Security Update : vsftpd (SUSE-SU-2022:3458-1),SuSE Local Security Checks,2023-03-11
165564,SUSE SLES15 Security Update : kernel (SUSE-SU-2022:3450-1),SuSE Local Security Checks,2023-03-11
165566,SUSE SLES15 Security Update : dpdk (SUSE-SU-2022:3429-1),SuSE Local Security Checks,2023-03-11
165568,SUSE SLES15 Security Update : kernel (Live Patch 29 for SLE 15) (SUSE-SU-2022:3424-1),SuSE Local Security Checks,2023-03-11
165572,SUSE SLES15 Security Update : libostree (SUSE-SU-2022:3455-1),SuSE Local Security Checks,2023-03-11
165573,SUSE SLES12 Security Update : slurm_18_08 (SUSE-SU-2022:3454-1),SuSE Local Security Checks,2023-03-11
165574,SUSE SLES15 Security Update : kernel (Live Patch 10 for SLE 15 SP3) (SUSE-SU-2022:3445-1),SuSE Local Security Checks,2023-03-11
165575,SUSE SLES15 Security Update : kernel (Live Patch 11 for SLE 15 SP3) (SUSE-SU-2022:3433-1),SuSE Local Security Checks,2023-03-11
165577,SUSE SLES12 Security Update : krb5-appl (SUSE-SU-2022:3471-1),SuSE Local Security Checks,2023-03-11
165579,SUSE SLES12 Security Update : expat (SUSE-SU-2022:3466-1),SuSE Local Security Checks,2023-03-11
165580,SUSE SLES15 / openSUSE 15 Security Update : slurm_18_08 (SUSE-SU-2022:3462-1),SuSE Local Security Checks,2023-03-11
165581,SUSE SLES12 Security Update : python3-lxml (SUSE-SU-2022:3461-1),SuSE Local Security Checks,2023-03-11
165582,SUSE SLES15 Security Update : kernel (Live Patch 27 for SLE 15 SP2) (SUSE-SU-2022:3463-1),SuSE Local Security Checks,2023-03-11
165583,SUSE SLES12 Security Update : python3-lxml (SUSE-SU-2022:3460-1),SuSE Local Security Checks,2023-03-11
165584,SUSE SLES15 Security Update : kernel (Live Patch 12 for SLE 15 SP3) (SUSE-SU-2022:3464-1),SuSE Local Security Checks,2023-03-11
165585,SUSE SLES15 Security Update : kernel (Live Patch 29 for SLE 15 SP2) (SUSE-SU-2022:3465-1),SuSE Local Security Checks,2023-03-11
165608,SUSE SLES15 Security Update : kernel (Live Patch 21 for SLE 15 SP2) (SUSE-SU-2022:3476-1),SuSE Local Security Checks,2023-03-11
165609,SUSE SLES12 Security Update : libjpeg-turbo (SUSE-SU-2022:3475-1),SuSE Local Security Checks,2023-03-11
165610,SUSE SLES12 Security Update : python36 (SUSE-SU-2022:3483-1),SuSE Local Security Checks,2023-03-11
165613,SUSE SLES15 Security Update : buildah (SUSE-SU-2022:3480-1),SuSE Local Security Checks,2023-03-11
165614,SUSE SLES12 Security Update : slurm_20_02 (SUSE-SU-2022:3477-1),SuSE Local Security Checks,2023-03-11
165620,SUSE SLED15 / SLES15 / openSUSE 15 Security Update : python39 (SUSE-SU-2022:3485-1),SuSE Local Security Checks,2023-03-11
165659,SUSE SLES12 Security Update : nodejs12 (SUSE-SU-2022:3503-1),SuSE Local Security Checks,2023-03-11
165660,SUSE SLES15 Security Update : webkit2gtk3 (SUSE-SU-2022:3502-1),SuSE Local Security Checks,2023-03-11
165670,SUSE SLES15 Security Update : libcroco (SUSE-SU-2022:3493-1),SuSE Local Security Checks,2023-03-11
165671,SUSE SLES12 Security Update : slurm (SUSE-SU-2022:3497-1),SuSE Local Security Checks,2023-03-11
165679,SUSE SLES12 Security Update : bind (SUSE-SU-2022:3499-1),SuSE Local Security Checks,2023-03-11
165681,SUSE SLES12 Security Update : nodejs14 (SUSE-SU-2022:3516-1),SuSE Local Security Checks,2023-03-11
165688,SUSE SLES12 Security Update : webkit2gtk3 (SUSE-SU-2022:3492-1),SuSE Local Security Checks,2023-03-11
165691,SUSE SLES12 Security Update : python3 (SUSE-SU-2022:3511-1),SuSE Local Security Checks,2023-03-11
165692,SUSE SLES12 Security Update : bind (SUSE-SU-2022:3500-1),SuSE Local Security Checks,2023-03-11
165726,SUSE SLES12 Security Update : nodejs16 (SUSE-SU-2022:3524-1),SuSE Local Security Checks,2023-03-11
165727,SUSE SLES12 Security Update : sendmail (SUSE-SU-2022:3529-1),SuSE Local Security Checks,2023-03-11
165743,SUSE SLES12 Security Update : squid (SUSE-SU-2022:3532-1),SuSE Local Security Checks,2023-03-11
165744,SUSE SLES12 Security Update : exiv2 (SUSE-SU-2022:3543-1),SuSE Local Security Checks,2023-03-11
165748,SUSE SLES15 Security Update : protobuf (SUSE-SU-2022:1040-3),SuSE Local Security Checks,2023-03-11
165749,SUSE SLES15 Security Update : python-PyJWT (SUSE-SU-2022:3545-1),SuSE Local Security Checks,2023-03-11
165754,SUSE SLES12 Security Update : squid (SUSE-SU-2022:3533-1),SuSE Local Security Checks,2023-03-11
165755,SUSE SLES12 Security Update : postgresql-jdbc (SUSE-SU-2022:3541-1),SuSE Local Security Checks,2023-03-11
165777,SUSE SLES12 Security Update : xmlgraphics-commons (SUSE-SU-2022:3550-1),SuSE Local Security Checks,2023-03-11
165778,SUSE SLES15 Security Update : cyrus-sasl (SUSE-SU-2022:3549-1),SuSE Local Security Checks,2023-03-11
165793,EulerOS 2.0 SP10 : vim (EulerOS-SA-2022-2436),Huawei Local Security Checks,2023-03-11
165795,EulerOS 2.0 SP10 : vim (EulerOS-SA-2022-2423),Huawei Local Security Checks,2023-03-11
165806,EulerOS 2.0 SP5 : vim (EulerOS-SA-2022-2451),Huawei Local Security Checks,2023-03-11
165853,EulerOS 2.0 SP8 : vim (EulerOS-SA-2022-2483),Huawei Local Security Checks,2023-03-11
166021,SUSE SLED12 / SLES12 Security Update : python (SUSE-SU-2022:3553-1),SuSE Local Security Checks,2023-03-11
166105,SUSE SLES15 / openSUSE 15 Security Update : rubygem-puma (SUSE-SU-2022:3571-1),SuSE Local Security Checks,2023-03-11
166147,SUSE SLES15 Security Update : python-Babel (SUSE-SU-2022:3590-1),SuSE Local Security Checks,2023-03-11
166153,SUSE SLES15 Security Update : python3 (SUSE-SU-2022:3593-1),SuSE Local Security Checks,2023-03-11
166186,SUSE SLED12 / SLES12 Security Update : libreoffice (SUSE-SU-2022:3602-1),SuSE Local Security Checks,2023-03-11
166187,SUSE SLES15 Security Update : kernel (Live Patch 2 for SLE 15 SP4) (SUSE-SU-2022:3605-1),SuSE Local Security Checks,2023-03-11
166188,SUSE SLES12 Security Update : kernel (SUSE-SU-2022:3584-1),SuSE Local Security Checks,2023-03-11
166189,SUSE SLES15 Security Update : python (SUSE-SU-2022:3512-2),SuSE Local Security Checks,2023-03-11
166190,SUSE SLES12 Security Update : kernel (SUSE-SU-2022:3599-1),SuSE Local Security Checks,2023-03-11
166191,SUSE SLES15 Security Update : kernel (Live Patch 3 for SLE 15 SP4) (SUSE-SU-2022:3601-1),SuSE Local Security Checks,2023-03-11
166193,SUSE SLED12 / SLES12 Security Update : kernel (SUSE-SU-2022:3587-1),SuSE Local Security Checks,2023-03-11
166194,SUSE SLES12 Security Update : kernel (SUSE-SU-2022:3586-1),SuSE Local Security Checks,2023-03-11
166195,SUSE SLES15 Security Update : python-numpy (SUSE-SU-2022:0134-3),SuSE Local Security Checks,2023-03-11
166254,SUSE SLES15 Security Update : kernel (Live Patch 0 for SLE 15 SP4) (SUSE-SU-2022:3628-1),SuSE Local Security Checks,2023-03-11
166257,SUSE SLES15 / openSUSE 15 Security Update : kernel (SUSE-SU-2022:3609-1),SuSE Local Security Checks,2023-03-11
166258,SUSE SLES15 / openSUSE 15 Security Update : rubygem-activesupport-5_1 (SUSE-SU-2022:3621-1),SuSE Local Security Checks,2023-03-11
166295,SUSE SLES12 Security Update : amazon-ssm-agent (SUSE-SU-2022:3654-1),SuSE Local Security Checks,2023-03-11
166299,SUSE SLED15 / SLES15 / openSUSE 15 Security Update : go1.18 (SUSE-SU-2022:3668-1),SuSE Local Security Checks,2023-03-11
166303,SUSE SLES12 Security Update : tcl (SUSE-SU-2022:3653-1),SuSE Local Security Checks,2023-03-11
166311,SUSE SLED15 / SLES15 / openSUSE 15 Security Update : helm (SUSE-SU-2022:3666-1),SuSE Local Security Checks,2023-03-11
166352,Amazon Linux 2022 :  (ALAS2022-2022-155),Amazon Linux Local Security Checks,2023-03-11
166356,Amazon Linux AMI : vim (ALAS-2022-1639),Amazon Linux Local Security Checks,2023-03-11
166358,SUSE SLES12 Security Update : jasper (SUSE-SU-2022:3672-1),SuSE Local Security Checks,2023-03-11
166359,SUSE SLES15 Security Update : libostree (SUSE-SU-2022:3671-1),SuSE Local Security Checks,2023-03-11
166371,SUSE SLES12 Security Update : tiff (SUSE-SU-2022:3679-1),SuSE Local Security Checks,2023-03-11
166372,SUSE SLES12 Security Update : clone-master-clean-up (SUSE-SU-2022:3674-1),SuSE Local Security Checks,2023-03-11
166373,SUSE SLES12 Security Update : python3 (SUSE-SU-2022:3511-2),SuSE Local Security Checks,2023-03-11
166395,Amazon Linux 2 : vim (ALAS-2022-1868),Amazon Linux Local Security Checks,2023-03-11
166417,SUSE SLES15 Security Update : bluez (SUSE-SU-2022:3691-1),SuSE Local Security Checks,2023-03-11
166418,SUSE SLED15 / SLES15 / openSUSE 15 Security Update : tiff (SUSE-SU-2022:3690-1),SuSE Local Security Checks,2023-03-11
166419,SUSE SLES15 Security Update : kernel (SUSE-SU-2022:3688-1),SuSE Local Security Checks,2023-03-11
166423,SUSE SLES12 Security Update : libksba (SUSE-SU-2022:3681-1),SuSE Local Security Checks,2023-03-11
166424,SUSE SLES15 Security Update : bluez (SUSE-SU-2022:3687-1),SuSE Local Security Checks,2023-03-11
166432,SUSE SLES15 / openSUSE 15 Security Update : kernel (SUSE-SU-2022:3693-1),SuSE Local Security Checks,2023-03-11
166442,SUSE SLES15 Security Update : multipath-tools (SUSE-SU-2022:3709-1),SuSE Local Security Checks,2023-03-11
166446,SUSE SLES15 Security Update : kernel (SUSE-SU-2022:3704-1),SuSE Local Security Checks,2023-03-11
166449,SUSE SLES12 Security Update : multipath-tools (SUSE-SU-2022:3713-1),SuSE Local Security Checks,2023-03-11
166450,SUSE SLES12 Security Update : multipath-tools (SUSE-SU-2022:3714-1),SuSE Local Security Checks,2023-03-11
166451,SUSE SLES15 Security Update : MozillaFirefox (SUSE-SU-2022:3698-1),SuSE Local Security Checks,2023-03-11
166453,SUSE SLES15 Security Update : multipath-tools (SUSE-SU-2022:3708-1),SuSE Local Security Checks,2023-03-11
166454,SUSE SLES12 Security Update : multipath-tools (SUSE-SU-2022:3715-1),SuSE Local Security Checks,2023-03-11
166456,SUSE SLES12 Security Update : multipath-tools (SUSE-SU-2022:3707-1),SuSE Local Security Checks,2023-03-11
166526,SUSE SLES12 Security Update : libxml2 (SUSE-SU-2022:3717-1),SuSE Local Security Checks,2023-03-11
166529,SUSE SLES12 Security Update : xen (SUSE-SU-2022:3728-1),SuSE Local Security Checks,2023-03-11
166530,SUSE SLED12 / SLES12 Security Update : libosip2 (SUSE-SU-2022:3724-1),SuSE Local Security Checks,2023-03-11
166531,SUSE SLES15 Security Update : jdom (SUSE-SU-2022:3547-1),SuSE Local Security Checks,2023-03-11
166533,SUSE SLED15 / SLES15 / openSUSE 15 Security Update : MozillaFirefox (SUSE-SU-2022:3726-1),SuSE Local Security Checks,2023-03-11
166534,SUSE SLED12 / SLES12 Security Update : bluez (SUSE-SU-2022:3718-1),SuSE Local Security Checks,2023-03-11
166535,SUSE SLES12 Security Update : icinga2 (SUSE-SU-2022:3725-1),SuSE Local Security Checks,2023-03-11
166537,SUSE SLES12 Security Update : MozillaFirefox (SUSE-SU-2022:3719-1),SuSE Local Security Checks,2023-03-11
166579,SUSE SLES12 Security Update : curl (SUSE-SU-2022:3769-1),SuSE Local Security Checks,2023-03-11
166580,SUSE SLES12 Security Update : telnet (SUSE-SU-2022:3735-1),SuSE Local Security Checks,2023-03-11
166583,SUSE SLES12 Security Update : curl (SUSE-SU-2022:3772-1),SuSE Local Security Checks,2023-03-11
166584,SUSE SLES15 Security Update : curl (SUSE-SU-2022:3774-1),SuSE Local Security Checks,2023-03-11
166585,SUSE SLED15 / SLES15 / openSUSE 15 Security Update : kernel (SUSE-SU-2022:3775-1),SuSE Local Security Checks,2023-03-11
166587,SUSE SLES12 Security Update : kernel (SUSE-SU-2022:3779-1),SuSE Local Security Checks,2023-03-11
166592,SUSE SLES12 Security Update : curl (SUSE-SU-2022:3770-1),SuSE Local Security Checks,2023-03-11
166596,SUSE SLES12 Security Update : SUSE Manager Client Tools (SUSE-SU-2022:3747-1),SuSE Local Security Checks,2023-03-11
166597,SUSE SLES15 Security Update : qemu (SUSE-SU-2022:3768-1),SuSE Local Security Checks,2023-03-11
166659,EulerOS 2.0 SP3 : vim (EulerOS-SA-2022-2639),Huawei Local Security Checks,2023-03-11
166689,SUSE SLES12 Security Update : dbus-1 (SUSE-SU-2022:3804-1),SuSE Local Security Checks,2023-03-11
166691,SUSE SLES12 Security Update : openjpeg2 (SUSE-SU-2022:3801-1),SuSE Local Security Checks,2023-03-11
166693,SUSE SLES12 Security Update : libtirpc (SUSE-SU-2022:3791-1),SuSE Local Security Checks,2023-03-11
166694,SUSE SLES12 Security Update : libtasn1 (SUSE-SU-2022:3797-1),SuSE Local Security Checks,2023-03-11
166696,SUSE SLES12 Security Update : rubygem-puppet (SUSE-SU-2022:3794-1),SuSE Local Security Checks,2023-03-11
166697,VMware NSX for vSphere (NSX-v) < 6.4.14 Multiple Vulnerabilities (VMSA-2022-0027),Misc.,2023-03-11
166764,SUSE SLES12 Security Update : libtasn1 (SUSE-SU-2022:3817-1),SuSE Local Security Checks,2023-03-11
166765,SUSE SLES12 Security Update : kernel (SUSE-SU-2022:3810-1),SuSE Local Security Checks,2023-03-11
166783,SUSE SLES15 Security Update : hdf5 (SUSE-SU-2022:3828-1),SuSE Local Security Checks,2023-03-11
166784,SUSE SLES12 Security Update : xorg-x11-server (SUSE-SU-2022:3840-1),SuSE Local Security Checks,2023-03-11
166785,SUSE SLES15 Security Update : hdf5 (SUSE-SU-2022:3826-1),SuSE Local Security Checks,2023-03-11
166790,Cisco Duo Installed (macOS),MacOS X Local Security Checks,2023-03-10
166792,SUSE SLES12 Security Update : xorg-x11-server (SUSE-SU-2022:3841-1),SuSE Local Security Checks,2023-03-11
166793,SUSE SLED15 / SLES15 / openSUSE 15 Security Update : kernel (SUSE-SU-2022:3844-1),SuSE Local Security Checks,2023-03-11
166805,SUSE SLES12 Security Update : hdf5 (SUSE-SU-2022:3824-1),SuSE Local Security Checks,2023-03-11
166834,EulerOS 2.0 SP10 : vim (EulerOS-SA-2022-2703),Huawei Local Security Checks,2023-03-11
166859,EulerOS 2.0 SP10 : vim (EulerOS-SA-2022-2671),Huawei Local Security Checks,2023-03-11
166942,SUSE SLES15 Security Update : xorg-x11-server (SUSE-SU-2022:3850-1),SuSE Local Security Checks,2023-03-11
166943,SUSE SLES15 Security Update : sqlite3 (SUSE-SU-2022:3307-2),SuSE Local Security Checks,2023-03-11
166945,SUSE SLES15 Security Update : xorg-x11-server (SUSE-SU-2022:3856-1),SuSE Local Security Checks,2023-03-11
166952,SUSE SLES12 Security Update : hsqldb (SUSE-SU-2022:3864-1),SuSE Local Security Checks,2023-03-11
166954,SUSE SLES12 Security Update : xorg-x11-server (SUSE-SU-2022:3863-1),SuSE Local Security Checks,2023-03-11
166955,SUSE SLED12 / SLES12 Security Update : ntfs-3g_ntfsprogs (SUSE-SU-2022:3865-1),SuSE Local Security Checks,2023-03-11
166970,EulerOS 2.0 SP5 : vim (EulerOS-SA-2022-2714),Huawei Local Security Checks,2023-03-11
167036,SUSE SLES15 / openSUSE 15 Security Update : rubygem-loofah (SUSE-SU-2022:3868-1),SuSE Local Security Checks,2023-03-11
167038,SUSE SLED12 / SLES12 Security Update : xmlbeans (SUSE-SU-2022:3876-1),SuSE Local Security Checks,2023-03-11
167039,SUSE SLES12 Security Update : expat (SUSE-SU-2022:3874-1),SuSE Local Security Checks,2023-03-11
167066,SUSE SLES12 Security Update : sudo (SUSE-SU-2022:3886-1),SuSE Local Security Checks,2023-03-11
167067,SUSE SLES12 Security Update : vsftpd (SUSE-SU-2022:3888-1),SuSE Local Security Checks,2023-03-11
167075,Foxit PDF Editor < 12.0.2 Multiple Vulnerabilities,Windows,2023-03-11
167076,Foxit PDF Reader < 12.0.2 Multiple Vulnerabilities,Windows,2023-03-11
167209,SUSE SLED12 / SLES12 Security Update : gstreamer-0_10-plugins-good (SUSE-SU-2022:3906-1),SuSE Local Security Checks,2023-03-11
167210,SUSE SLES15 Security Update : vsftpd (SUSE-SU-2022:3914-1),SuSE Local Security Checks,2023-03-11
167216,SUSE SLES12 Security Update : ganglia-web (SUSE-SU-2022:3895-1),SuSE Local Security Checks,2023-03-11
167217,SUSE SLED12 / SLES12 Security Update : gstreamer-0_10-plugins-base (SUSE-SU-2022:3916-1),SuSE Local Security Checks,2023-03-11
167218,SUSE SLES15 / openSUSE 15 Security Update : kernel (SUSE-SU-2022:3897-1),SuSE Local Security Checks,2023-03-11
167221,SUSE SLES12 Security Update : sendmail (SUSE-SU-2022:3898-1),SuSE Local Security Checks,2023-03-11
167222,SUSE SLED12 / SLES12 Security Update : gstreamer-plugins-base (SUSE-SU-2022:3911-1),SuSE Local Security Checks,2023-03-11
167223,SUSE SLES15 Security Update : conmon (SUSE-SU-2022:3896-1),SuSE Local Security Checks,2023-03-11
167242,SUSE SLES15 Security Update : xen (SUSE-SU-2022:3925-1),SuSE Local Security Checks,2023-03-11
167243,SUSE SLES15 Security Update : python3 (SUSE-SU-2022:3924-1),SuSE Local Security Checks,2023-03-11
167256,Debian DLA-3182-1 : vim - LTS security update,Debian Local Security Checks,2023-03-11
167326,SUSE SLES12 Security Update : python3-lxml (SUSE-SU-2022:3934-1),SuSE Local Security Checks,2023-03-11
167327,SUSE SLES12 Security Update : rpm (SUSE-SU-2022:3939-1),SuSE Local Security Checks,2023-03-11
167329,SUSE SLES12 Security Update : xterm (SUSE-SU-2022:3952-1),SuSE Local Security Checks,2023-03-11
167331,SUSE SLED15 / SLES15 / openSUSE 15 Security Update : python-rsa (SUSE-SU-2022:3932-1),SuSE Local Security Checks,2023-03-11
167332,SUSE SLES12 Security Update : python (SUSE-SU-2022:3940-1),SuSE Local Security Checks,2023-03-11
167333,SUSE SLES12 Security Update : xen (SUSE-SU-2022:3960-1),SuSE Local Security Checks,2023-03-11
167336,SUSE SLES12 Security Update : kernel (SUSE-SU-2022:3930-1),SuSE Local Security Checks,2023-03-11
167337,SUSE SLES15 Security Update : xen (SUSE-SU-2022:3928-1),SuSE Local Security Checks,2023-03-11
167342,SUSE SLES15 Security Update : sudo (SUSE-SU-2022:3938-1),SuSE Local Security Checks,2023-03-11
167343,SUSE SLED15 / SLES15 / openSUSE 15 Security Update : samba (SUSE-SU-2022:3955-1),SuSE Local Security Checks,2023-03-11
167345,SUSE SLES12 Security Update : glibc (SUSE-SU-2022:3942-1),SuSE Local Security Checks,2023-03-11
167346,SUSE SLES12 Security Update : python3-lxml (SUSE-SU-2022:3937-1),SuSE Local Security Checks,2023-03-11
167350,SUSE SLES12 Security Update : python-numpy (SUSE-SU-2022:3954-1),SuSE Local Security Checks,2023-03-11
167352,SUSE SLES12 Security Update : php72 (SUSE-SU-2022:3957-1),SuSE Local Security Checks,2023-03-11
167513,Ubuntu 16.04 ESM : Vim vulnerabilities (USN-5723-1),Ubuntu Local Security Checks,2023-03-11
167514,SUSE SLES15 Security Update : kernel (Live Patch 3 for SLE 15 SP4) (SUSE-SU-2022:3976-1),SuSE Local Security Checks,2023-03-11
167515,SUSE SLES15 Security Update : xen (SUSE-SU-2022:3971-1),SuSE Local Security Checks,2023-03-11
167517,SUSE SLES12 Security Update : nodejs14 (SUSE-SU-2022:3968-1),SuSE Local Security Checks,2023-03-11
167518,SUSE SLES12 Security Update : nodejs16 (SUSE-SU-2022:3967-1),SuSE Local Security Checks,2023-03-11
167647,SUSE SLED15 / SLES15 / openSUSE 15 Security Update : python310 (SUSE-SU-2022:4004-1),SuSE Local Security Checks,2023-03-11
167649,SUSE SLED15 / SLES15 / openSUSE 15 Security Update : LibVNCServer (SUSE-SU-2022:3990-1),SuSE Local Security Checks,2023-03-11
167650,SUSE SLED15 / SLES15 / openSUSE 15 Security Update : php7 (SUSE-SU-2022:3997-1),SuSE Local Security Checks,2023-03-11
167724,SUSE SLES15 / openSUSE 15 Security Update : python-Twisted (SUSE-SU-2022:4000-1),SuSE Local Security Checks,2023-03-11
167728,SUSE SLES15 / openSUSE 15 Security Update : kernel (SUSE-SU-2022:3998-1),SuSE Local Security Checks,2023-03-11
167732,SUSE SLES15 / openSUSE 15 Security Update : php8 (SUSE-SU-2022:4005-1),SuSE Local Security Checks,2023-03-11
167751,SUSE SLES12 Security Update : nodejs12 (SUSE-SU-2022:3989-1),SuSE Local Security Checks,2023-03-11
167752,SUSE SLED15 / SLES15 / openSUSE 15 Security Update : rubygem-nokogiri (SUSE-SU-2022:4015-1),SuSE Local Security Checks,2023-03-11
167755,SUSE SLES15 Security Update : kernel (Live Patch 2 for SLE 15 SP4) (SUSE-SU-2022:4039-1),SuSE Local Security Checks,2023-03-11
167756,SUSE SLES12 Security Update : libX11 (SUSE-SU-2022:3987-1),SuSE Local Security Checks,2023-03-11
167757,SUSE SLES12 Security Update : python-Werkzeug (SUSE-SU-2022:3977-1),SuSE Local Security Checks,2023-03-11
167760,SUSE SLES12 Security Update : dhcp (SUSE-SU-2022:3992-1),SuSE Local Security Checks,2023-03-11
167762,SUSE SLES15 Security Update : kernel (Live Patch 1 for SLE 15 SP4) (SUSE-SU-2022:4035-1),SuSE Local Security Checks,2023-03-11
167769,SUSE SLED12 / SLES12 Security Update : freerdp (SUSE-SU-2022:3984-1),SuSE Local Security Checks,2023-03-11
167772,SUSE SLES15 Security Update : kernel (Live Patch 4 for SLE 15 SP4) (SUSE-SU-2022:4036-1),SuSE Local Security Checks,2023-03-11
167779,SUSE SLES12 Security Update : ant (SUSE-SU-2022:4022-1),SuSE Local Security Checks,2023-03-11
167786,SUSE SLES12 Security Update : tomcat (SUSE-SU-2022:4009-1),SuSE Local Security Checks,2023-03-11
167787,SUSE SLES12 Security Update : apache2-mod_wsgi (SUSE-SU-2022:4013-1),SuSE Local Security Checks,2023-03-11
167893,Slackware Linux 15.0 / current vim  Vulnerability (SSA:2022-304-01),Slackware Local Security Checks,2023-03-11
167924,SUSE SLES12 Security Update : openvswitch (SUSE-SU-2022:4050-1),SuSE Local Security Checks,2023-03-11
167929,SUSE SLED15 / SLES15 / openSUSE 15 Security Update : kernel (SUSE-SU-2022:4053-1),SuSE Local Security Checks,2023-03-11
167932,SUSE SLES12 Security Update : xen (SUSE-SU-2022:4051-1),SuSE Local Security Checks,2023-03-11
167936,SUSE SLED15 / SLES15 / openSUSE 15 Security Update : openjpeg (SUSE-SU-2022:4082-1),SuSE Local Security Checks,2023-03-11
167937,SUSE SLED15 / SLES15 / openSUSE 15 Security Update : php7 (SUSE-SU-2022:4069-1),SuSE Local Security Checks,2023-03-11
167938,SUSE SLES15 Security Update : MozillaFirefox (SUSE-SU-2022:4083-1),SuSE Local Security Checks,2023-03-11
167939,SUSE SLED15 / SLES15 / openSUSE 15 Security Update : kernel (SUSE-SU-2022:4072-1),SuSE Local Security Checks,2023-03-11
167941,SUSE SLED15 / SLES15 / openSUSE 15 Security Update : python-cryptography  python-cryptography-vectors (SUSE-SU-2022:4044-1),SuSE Local Security Checks,2023-03-11
167947,SUSE SLES15 Security Update : kernel (Live Patch 0 for SLE 15 SP4) (SUSE-SU-2022:4113-1),SuSE Local Security Checks,2023-03-11
167950,SUSE SLES15 / openSUSE 15 Security Update : php7 (SUSE-SU-2022:4067-1),SuSE Local Security Checks,2023-03-11
167951,SUSE SLES12 Security Update : java-11-openjdk (SUSE-SU-2022:4080-1),SuSE Local Security Checks,2023-03-11
167952,SUSE SLES12 Security Update : python-Twisted (SUSE-SU-2022:4074-1),SuSE Local Security Checks,2023-03-11
167963,SUSE SLES12 Security Update : php74 (SUSE-SU-2022:4068-1),SuSE Local Security Checks,2023-03-11
168054,SUSE SLES12 Security Update : grub2 (SUSE-SU-2022:4144-1),SuSE Local Security Checks,2023-03-11
168055,SUSE SLES15 Security Update : grub2 (SUSE-SU-2022:4140-1),SuSE Local Security Checks,2023-03-11
168072,SUSE SLES12 Security Update : grub2 (SUSE-SU-2022:4143-1),SuSE Local Security Checks,2023-03-11
168081,SUSE SLES15 Security Update : cni-plugins (SUSE-SU-2022:4151-1),SuSE Local Security Checks,2023-03-11
168091,SUSE SLES15 Security Update : krb5 (SUSE-SU-2022:4155-1),SuSE Local Security Checks,2023-03-11
168099,SUSE SLES15 Security Update : krb5 (SUSE-SU-2022:4154-1),SuSE Local Security Checks,2023-03-11
168121,SUSE SLES15 Security Update : grub2 (SUSE-SU-2022:4142-1),SuSE Local Security Checks,2023-03-11
168126,SUSE SLES15 Security Update : cni (SUSE-SU-2022:4150-1),SuSE Local Security Checks,2023-03-11
168141,SUSE SLES12 Security Update : strongswan (SUSE-SU-2022:4185-1),SuSE Local Security Checks,2023-03-11
168159,SUSE SLED15 / SLES15 / openSUSE 15 Security Update : strongswan (SUSE-SU-2022:4197-1),SuSE Local Security Checks,2023-03-11
168165,SUSE SLED15 / SLES15 / openSUSE 15 Security Update : keylime (SUSE-SU-2022:4204-1),SuSE Local Security Checks,2023-03-11
168166,SUSE SLES15 Security Update : nginx (SUSE-SU-2022:4192-1),SuSE Local Security Checks,2023-03-11
168173,SUSE SLES12 Security Update : tomcat (SUSE-SU-2022:4193-1),SuSE Local Security Checks,2023-03-11
168176,SUSE SLED15 / SLES15 / openSUSE 15 Security Update : ffmpeg-4 (SUSE-SU-2022:4194-1),SuSE Local Security Checks,2023-03-11
168195,SUSE SLES15 Security Update : erlang (SUSE-SU-2022:4222-1),SuSE Local Security Checks,2023-03-11
168200,SUSE SLES15 Security Update : tomcat (SUSE-SU-2022:4221-1),SuSE Local Security Checks,2023-03-11
168201,SUSE SLES15 Security Update : grub2 (SUSE-SU-2022:4218-1),SuSE Local Security Checks,2023-03-11
168240,SUSE SLES12 Security Update : busybox (SUSE-SU-2022:4253-1),SuSE Local Security Checks,2023-03-11
168242,SUSE SLES12 Security Update : xen (SUSE-SU-2022:4241-1),SuSE Local Security Checks,2023-03-11
168243,SUSE SLES12 Security Update : sudo (SUSE-SU-2022:4240-1),SuSE Local Security Checks,2023-03-11
168244,SUSE SLES12 Security Update : pixman (SUSE-SU-2022:4249-1),SuSE Local Security Checks,2023-03-11
168245,SUSE SLES15 Security Update : python3 (SUSE-SU-2022:4258-1),SuSE Local Security Checks,2023-03-11
168246,SUSE SLES12 Security Update : MozillaFirefox (SUSE-SU-2022:4247-1),SuSE Local Security Checks,2023-03-11
168248,SUSE SLES12 Security Update : tiff (SUSE-SU-2022:4248-1),SuSE Local Security Checks,2023-03-11
168249,SUSE SLES12 Security Update : python3 (SUSE-SU-2022:4251-1),SuSE Local Security Checks,2023-03-11
168252,SUSE SLES15 Security Update : tomcat (SUSE-SU-2022:4257-1),SuSE Local Security Checks,2023-03-11
168253,SUSE SLES15 Security Update : ganglia-web (SUSE-SU-2022:4244-1),SuSE Local Security Checks,2023-03-11
168254,SUSE SLES12 Security Update : exiv2 (SUSE-SU-2022:4252-1),SuSE Local Security Checks,2023-03-11
168255,SUSE SLES15 Security Update : ganglia-web (SUSE-SU-2022:4243-1),SuSE Local Security Checks,2023-03-11
168276,Oracle Linux 7 : kubernetes (ELSA-2022-10033),Oracle Linux Local Security Checks,2023-03-10
168277,Oracle Linux 8 : kubernetes (ELSA-2022-10034),Oracle Linux Local Security Checks,2023-03-10
168278,Oracle Linux 7 : kubernetes (ELSA-2022-10035),Oracle Linux Local Security Checks,2023-03-10
168283,Oracle Linux 8 : kubernetes (ELSA-2022-10036),Oracle Linux Local Security Checks,2023-03-10
168285,SUSE SLES12 Security Update : webkit2gtk3 (SUSE-SU-2022:4283-1),SuSE Local Security Checks,2023-03-11
168286,SUSE SLES12 Security Update : dbus-1 (SUSE-SU-2022:4295-1),SuSE Local Security Checks,2023-03-11
168287,SUSE SLED12 / SLES12 Security Update : python (SUSE-SU-2022:4275-1),SuSE Local Security Checks,2023-03-11
168290,SUSE SLED12 / SLES12 Security Update : freerdp (SUSE-SU-2022:4293-1),SuSE Local Security Checks,2023-03-11
168291,SUSE SLED12 / SLES12 Security Update : kernel (SUSE-SU-2022:4272-1),SuSE Local Security Checks,2023-03-11
168293,SUSE SLED15 / SLES15 / openSUSE 15 Security Update : vim (SUSE-SU-2022:4282-1),SuSE Local Security Checks,2023-03-11
168294,SUSE SLES12 Security Update : libarchive (SUSE-SU-2022:4296-1),SuSE Local Security Checks,2023-03-11
168295,SUSE SLES12 Security Update : sudo (SUSE-SU-2022:4280-1),SuSE Local Security Checks,2023-03-11
168296,SUSE SLES12 Security Update : binutils (SUSE-SU-2022:4277-1),SuSE Local Security Checks,2023-03-11
168297,SUSE SLES15 Security Update : nginx (SUSE-SU-2022:4266-1),SuSE Local Security Checks,2023-03-11
168298,SUSE SLES12 Security Update : libdb-4_8 (SUSE-SU-2022:4289-1),SuSE Local Security Checks,2023-03-11
168299,SUSE SLES12 Security Update : supportutils (SUSE-SU-2022:4294-1),SuSE Local Security Checks,2023-03-11
168300,SUSE SLES12 Security Update : java-1_8_0-ibm (SUSE-SU-2022:4290-1),SuSE Local Security Checks,2023-03-11
168301,SUSE SLES15 Security Update : webkit2gtk3 (SUSE-SU-2022:4284-1),SuSE Local Security Checks,2023-03-11
168302,SUSE SLES12 Security Update : libmspack (SUSE-SU-2022:4287-1),SuSE Local Security Checks,2023-03-11
168303,SUSE SLES12 Security Update : git (SUSE-SU-2022:4271-1),SuSE Local Security Checks,2023-03-11
168304,SUSE SLES12 Security Update : systemd (SUSE-SU-2022:4279-1),SuSE Local Security Checks,2023-03-11
168305,SUSE SLES15 Security Update : nginx (SUSE-SU-2022:4265-1),SuSE Local Security Checks,2023-03-11
168306,SUSE SLES12 Security Update : opencc (SUSE-SU-2022:4288-1),SuSE Local Security Checks,2023-03-11
168307,SUSE SLES12 Security Update : python3 (SUSE-SU-2022:4274-1),SuSE Local Security Checks,2023-03-11
168308,SUSE SLES12 Security Update : kernel (SUSE-SU-2022:4273-1),SuSE Local Security Checks,2023-03-11
168335,SUSE SLED15 / SLES15 / openSUSE 15 Security Update : emacs (SUSE-SU-2022:4304-1),SuSE Local Security Checks,2023-03-11
168339,SUSE SLES12 Security Update : tomcat (SUSE-SU-2022:4303-1),SuSE Local Security Checks,2023-03-11
168340,SUSE SLES12 Security Update : grub2 (SUSE-SU-2022:4302-1),SuSE Local Security Checks,2023-03-11
168341,SUSE SLES12 Security Update : emacs (SUSE-SU-2022:4305-1),SuSE Local Security Checks,2023-03-11
168342,SUSE SLES12 Security Update : glib2 (SUSE-SU-2022:1758-2),SuSE Local Security Checks,2023-03-11
168343,SUSE SLES12 Security Update : glibc (SUSE-SU-2022:3942-2),SuSE Local Security Checks,2023-03-11
168392,Tenable Nessus Installed (macOS),MacOS X Local Security Checks,2023-03-10
168437,Amazon Linux 2 : vim (ALAS-2022-1902),Amazon Linux Local Security Checks,2023-03-11
168468,SUSE SLES12 Security Update : LibVNCServer (SUSE-SU-2022:4330-1),SuSE Local Security Checks,2023-03-11
168469,SUSE SLES12 Security Update : xen (SUSE-SU-2022:4332-1),SuSE Local Security Checks,2023-03-11
168471,SUSE SLES12 Security Update : bcel (SUSE-SU-2022:4331-1),SuSE Local Security Checks,2023-03-11
168472,SUSE SLES12 Security Update : krb5 (SUSE-SU-2022:4335-1),SuSE Local Security Checks,2023-03-11
168492,SUSE SLES12 Security Update : osc (SUSE-SU-2022:4351-1),SuSE Local Security Checks,2023-03-11
168540,SUSE SLED12 / SLES12 Security Update : netatalk (SUSE-SU-2022:4360-1),SuSE Local Security Checks,2023-03-11
168541,SUSE SLES12 Security Update : java-1_8_0-openjdk (SUSE-SU-2022:4373-1),SuSE Local Security Checks,2023-03-11
168543,SUSE SLES12 Security Update : busybox (SUSE-SU-2022:4372-1),SuSE Local Security Checks,2023-03-11
168544,Slackware Linux 15.0 / current vim  Multiple Vulnerabilities (SSA:2022-342-02),Slackware Local Security Checks,2023-03-11
168575,Amazon Linux 2022 : vim (ALAS2022-2022-251),Amazon Linux Local Security Checks,2023-03-11
168611,SUSE SLED12 / SLES12 Security Update : nautilus (SUSE-SU-2022:4394-1),SuSE Local Security Checks,2023-03-11
168616,SUSE SLED15 / SLES15 / openSUSE 15 Security Update : samba (SUSE-SU-2022:4395-1),SuSE Local Security Checks,2023-03-11
168642,Ubuntu 16.04 ESM : Vim vulnerabilities (USN-5775-1),Ubuntu Local Security Checks,2023-03-11
168648,SUSE SLES12 Security Update : containerd (SUSE-SU-2022:4409-1),SuSE Local Security Checks,2023-03-11
168649,SUSE SLED12 / SLES12 Security Update : colord (SUSE-SU-2022:4410-1),SuSE Local Security Checks,2023-03-11
168717,SUSE SLES15 Security Update : MozillaFirefox (SUSE-SU-2022:4461-1),SuSE Local Security Checks,2023-03-11
168720,SUSE SLES12 Security Update : MozillaFirefox (SUSE-SU-2022:4460-1),SuSE Local Security Checks,2023-03-11
168778,SUSE SLED15 / SLES15 / openSUSE 15 Security Update : xorg-x11-server (SUSE-SU-2022:4480-1),SuSE Local Security Checks,2023-03-11
168779,SUSE SLED15 / SLES15 / openSUSE 15 Security Update : xwayland (SUSE-SU-2022:4487-1),SuSE Local Security Checks,2023-03-11
168780,SUSE SLES12 Security Update : xorg-x11-server (SUSE-SU-2022:4483-1),SuSE Local Security Checks,2023-03-11
168784,SUSE SLES12 Security Update : xorg-x11-server (SUSE-SU-2022:4485-1),SuSE Local Security Checks,2023-03-11
168786,SUSE SLES12 Security Update : zabbix (SUSE-SU-2022:4477-1),SuSE Local Security Checks,2023-03-11
168787,SUSE SLES15 Security Update : xorg-x11-server (SUSE-SU-2022:4481-1),SuSE Local Security Checks,2023-03-11
168788,SUSE SLES15 Security Update : xorg-x11-server (SUSE-SU-2022:4482-1),SuSE Local Security Checks,2023-03-11
168789,SUSE SLED15 / SLES15 / openSUSE 15 Security Update : xorg-x11-server (SUSE-SU-2022:4479-1),SuSE Local Security Checks,2023-03-11
168790,SUSE SLES12 Security Update : xorg-x11-server (SUSE-SU-2022:4484-1),SuSE Local Security Checks,2023-03-11
168886,SUSE SLES12 Security Update : kernel (Live Patch 37 for SLE 12 SP5) (SUSE-SU-2022:4510-1),SuSE Local Security Checks,2023-03-11
168888,SUSE SLES15 / openSUSE 15 Security Update : kernel (SUSE-SU-2022:4503-1),SuSE Local Security Checks,2023-03-11
168892,SUSE SLES15 Security Update : kernel (Live Patch 1 for SLE 15 SP4) (SUSE-SU-2022:4518-1),SuSE Local Security Checks,2023-03-11
168893,SUSE SLES15 / openSUSE 15 Security Update : kernel (SUSE-SU-2022:4504-1),SuSE Local Security Checks,2023-03-11
168894,SUSE SLES12 Security Update : kernel (SUSE-SU-2022:4505-1),SuSE Local Security Checks,2023-03-11
168900,SUSE SLES15 Security Update : kernel (Live Patch 5 for SLE 15 SP4) (SUSE-SU-2022:4542-1),SuSE Local Security Checks,2023-03-11
168918,SUSE SLES12 Security Update : kernel (Live Patch 35 for SLE 12 SP5) (SUSE-SU-2022:4545-1),SuSE Local Security Checks,2023-03-11
168921,SUSE SLES12 Security Update : kernel (Live Patch 36 for SLE 12 SP5) (SUSE-SU-2022:4546-1),SuSE Local Security Checks,2023-03-11
168934,SUSE SLED12 / SLES12 Security Update : kernel (SUSE-SU-2022:4566-1),SuSE Local Security Checks,2023-03-11
168938,SUSE SLES15 Security Update : kernel (SUSE-SU-2022:4573-1),SuSE Local Security Checks,2023-03-11
168941,SUSE SLES15 / openSUSE 15 Security Update : kernel (SUSE-SU-2022:4574-1),SuSE Local Security Checks,2023-03-11
168942,SUSE SLES15 Security Update : kernel (Live Patch 3 for SLE 15 SP4) (SUSE-SU-2022:4559-1),SuSE Local Security Checks,2023-03-11
168943,SUSE SLES12 Security Update : kernel (SUSE-SU-2022:4561-1),SuSE Local Security Checks,2023-03-11
168944,SUSE SLES15 Security Update : kernel (Live Patch 4 for SLE 15 SP4) (SUSE-SU-2022:4560-1),SuSE Local Security Checks,2023-03-11
168948,SUSE SLED15 / SLES15 / openSUSE 15 Security Update : kernel (SUSE-SU-2022:4585-1),SuSE Local Security Checks,2023-03-11
168949,SUSE SLES12 Security Update : java-1_7_1-ibm (SUSE-SU-2022:4591-1),SuSE Local Security Checks,2023-03-11
168950,SUSE SLES12 Security Update : kernel (Live Patch 25 for SLE 12 SP4) (SUSE-SU-2022:4595-1),SuSE Local Security Checks,2023-03-11
168952,SUSE SLES15 Security Update : kernel (SUSE-SU-2022:4589-1),SuSE Local Security Checks,2023-03-11
168957,SUSE SLES15 Security Update : supportutils (SUSE-SU-2022:4594-1),SuSE Local Security Checks,2023-03-11
168958,SUSE SLES15 / openSUSE 15 Security Update : cni (SUSE-SU-2022:4592-1),SuSE Local Security Checks,2023-03-11
169030,Fedora 36 : 2:vim (2022-06e4f1dd58),Fedora Local Security Checks,2023-03-11
169038,Fedora 35 : kubernetes (2022-2004702d98),Fedora Local Security Checks,2023-03-10
169039,Fedora 36 : 2:vim (2022-fc4c513d06),Fedora Local Security Checks,2023-03-11
169103,SUSE SLED15 / SLES15 / openSUSE 15 Security Update : curl (SUSE-SU-2022:4597-1),SuSE Local Security Checks,2023-03-11
169104,SUSE SLES12 Security Update : sqlite3 (SUSE-SU-2022:4603-1),SuSE Local Security Checks,2023-03-11
169105,SUSE SLES12 Security Update : curl (SUSE-SU-2022:4598-1),SuSE Local Security Checks,2023-03-11
169241,Fedora 35 : 2:vim (2022-3d354ef0fb),Fedora Local Security Checks,2023-03-11
169278,SUSE SLES12 Security Update : java-1_8_0-ibm (SUSE-SU-2022:4602-1),SuSE Local Security Checks,2023-03-11
169288,SUSE SLES12 Security Update : kernel (SUSE-SU-2022:4614-1),SuSE Local Security Checks,2023-03-11
169289,SUSE SLES12 Security Update : kernel (SUSE-SU-2022:4615-1),SuSE Local Security Checks,2023-03-11
169290,SUSE SLED15 / SLES15 / openSUSE 15 Security Update : kernel (SUSE-SU-2022:4616-1),SuSE Local Security Checks,2023-03-11
169291,SUSE SLES12 Security Update : kernel (SUSE-SU-2022:4611-1),SuSE Local Security Checks,2023-03-11
169292,SUSE SLES15 / openSUSE 15 Security Update : kernel (SUSE-SU-2022:4617-1),SuSE Local Security Checks,2023-03-11
169348,SUSE SLES12 Security Update : freeradius-server (SUSE-SU-2022:4621-1),SuSE Local Security Checks,2023-03-11
169349,SUSE SLES15 Security Update : freeradius-server (SUSE-SU-2022:4620-1),SuSE Local Security Checks,2023-03-11
169350,SUSE SLES12 Security Update : vim (SUSE-SU-2022:4619-1),SuSE Local Security Checks,2023-03-11
169351,SUSE SLES12 Security Update : ca-certificates-mozilla (SUSE-SU-2022:4625-1),SuSE Local Security Checks,2023-03-11
169353,SUSE SLES12 Security Update : systemd (SUSE-SU-2022:4627-1),SuSE Local Security Checks,2023-03-11
169411,SUSE SLED15 / SLES15 / openSUSE 15 Security Update : vim (SUSE-SU-2022:4631-1),SuSE Local Security Checks,2023-03-11
169413,SUSE SLED15 / SLES15 / openSUSE 15 Security Update : systemd (SUSE-SU-2022:4630-1),SuSE Local Security Checks,2023-03-11
169414,SUSE SLES15 / openSUSE 15 Security Update : curl (SUSE-SU-2022:4633-1),SuSE Local Security Checks,2023-03-11
169425,Symantec Endpoint Protection Manager < 14.3 RU5 Security Control Bypass (deprecated),Windows,2023-03-14
169429,SUSE SLES15 Security Update : webkit2gtk3 (SUSE-SU-2022:4642-1),SuSE Local Security Checks,2023-03-11
169508,NVIDIA CUDA Toolkit < 11.8 Buffer Overflow Vulnerability,Misc.,2023-03-11
169542,EulerOS 2.0 SP11 : vim (EulerOS-SA-2023-1050),Huawei Local Security Checks,2023-03-11
169574,Slackware Linux 15.0 / current vim  Multiple Vulnerabilities (SSA:2023-004-01),Slackware Local Security Checks,2023-03-11
169628,EulerOS 2.0 SP9 : vim (EulerOS-SA-2023-1116),Huawei Local Security Checks,2023-03-11
169647,EulerOS 2.0 SP9 : vim (EulerOS-SA-2023-1140),Huawei Local Security Checks,2023-03-11
169926,Fedora 36 : 2:vim (2023-208f2107d5),Fedora Local Security Checks,2023-03-11
170014,EulerOS 2.0 SP11 : vim (EulerOS-SA-2023-1025),Huawei Local Security Checks,2023-03-11
170113,Apache 2.4.x < 2.4.55 Multiple Vulnerabilities,Web Servers,2023-03-11
170115,FreeBSD : Apache httpd -- Multiple vulnerabilities (00919005-96a3-11ed-86e9-d4c9ef517024),FreeBSD Local Security Checks,2023-03-11
170120,Foxit PDF Editor < 12.1 Vulnerability,Windows,2023-03-11
170121,Foxit PDF Reader < 12.1 Vulnerability,Windows,2023-03-11
170150,Slackware Linux 14.0 / 14.1 / 14.2 / 15.0 / current httpd  Multiple Vulnerabilities (SSA:2023-018-02),Slackware Local Security Checks,2023-03-11
170168,Wireshark 4.0.x < 4.0.3 Multiple Vulnerabilities (macOS),MacOS X Local Security Checks,2023-03-11
170169,Wireshark 4.0.x < 4.0.3 Multiple Vulnerabilities,Windows,2023-03-11
170172,Wireshark 3.6.x < 3.6.11 Multiple Vulnerabilities,Windows,2023-03-11
170173,Wireshark 3.6.x < 3.6.11 Multiple Vulnerabilities (macOS),MacOS X Local Security Checks,2023-03-11
170213,openSUSE 15 Security Update : mariadb (SUSE-SU-2022:0731-2),SuSE Local Security Checks,2023-03-11
170216,openSUSE 15 Security Update : podofo (SUSE-SU-2022:3833-1),SuSE Local Security Checks,2023-03-11
170228,openSUSE 15 Security Update : kernel (SUSE-SU-2022:4613-1),SuSE Local Security Checks,2023-03-11
170233,openSUSE 15 Security Update : libnbd (SUSE-SU-2022:2347-1),SuSE Local Security Checks,2023-03-11
170431,Amazon Linux 2 : vim (ALAS-2023-1912),Amazon Linux Local Security Checks,2023-03-11
170445,macOS 13.x < 13.2 Multiple Vulnerabilities (HT213605),MacOS X Local Security Checks,2023-03-11
170453,macOS 11.x < 11.7.3 Multiple Vulnerabilities (HT213603),MacOS X Local Security Checks,2023-03-10
170513,SUSE SLES12 Security Update : java-1_8_0-ibm (SUSE-SU-2022:1026-1),SuSE Local Security Checks,2023-03-11
170538,Amazon Linux AMI : vim (ALAS-2023-1664),Amazon Linux Local Security Checks,2023-03-11
170544,Amazon Linux AMI : vim (ALAS-2023-1663),Amazon Linux Local Security Checks,2023-03-11
170573,Apple iOS < 16.3 Multiple Vulnerabilities (HT213606),Mobile Devices,2023-03-10
170621,Amazon Linux 2022 :  (ALAS2022-2023-269),Amazon Linux Local Security Checks,2023-03-11
170652,Slackware Linux 15.0 / current vim  Vulnerability (SSA:2023-025-02),Slackware Local Security Checks,2023-03-11
170742,SUSE SLES12 Security Update : apache2 (SUSE-SU-2023:0183-1),SuSE Local Security Checks,2023-03-11
170752,SUSE SLES12 Security Update : apache2 (SUSE-SU-2023:0185-1),SuSE Local Security Checks,2023-03-11
170900,SUSE SLED15 / SLES15 / openSUSE 15 Security Update : vim (SUSE-SU-2023:0211-1),SuSE Local Security Checks,2023-03-11
170901,SUSE SLES12 Security Update : vim (SUSE-SU-2023:0209-1),SuSE Local Security Checks,2023-03-11
170912,Ubuntu 16.04 ESM : Apache HTTP Server vulnerabilities (USN-5834-1),Ubuntu Local Security Checks,2023-03-11
170913,Ubuntu 16.04 ESM : Vim vulnerabilities (USN-5836-1),Ubuntu Local Security Checks,2023-03-11
170919,FreeBSD : Gitlab -- Multiple Vulnerabilities (ee890be3-a1ec-11ed-a81d-001b217b3468),FreeBSD Local Security Checks,2023-03-11
170927,Ubuntu 18.04 LTS / 20.04 LTS / 22.04 LTS / 22.10 : Apache HTTP Server vulnerabilities (USN-5839-1),Ubuntu Local Security Checks,2023-03-11
170953,GitLab < 15.6.7 / 15.7 < 15.7.6 / 15.8 < 15.8.1 (CVE-2022-3759),CGI abuses,2023-03-11
170954,GitLab < 15.6.7 / 15.7 < 15.7.6 / 15.8 < 15.8.1 (CVE-2022-4138),CGI abuses,2023-03-11
170955,GitLab < 15.6.7 / 15.7 < 15.7.6 / 15.8 < 15.8.1 (CVE-2022-3411),CGI abuses,2023-03-11
170956,GitLab < 15.6.7 / 15.7 < 15.7.6 / 15.8 < 15.8.1 (CVE-2023-0518),CGI abuses,2023-03-11
170960,Ubuntu 16.04 ESM : Apache HTTP Server vulnerability (USN-5839-2),Ubuntu Local Security Checks,2023-03-11
170973,Fedora 36 : 2:vim (2023-340f1d6ab9),Fedora Local Security Checks,2023-03-11
171019,Amazon Linux AMI :  (ALAS-2023-1681),Amazon Linux Local Security Checks,2023-03-11
171043,Amazon Linux 2 :  (ALAS-2023-1927),Amazon Linux Local Security Checks,2023-03-11
171169,EulerOS 2.0 SP8 : vim (EulerOS-SA-2023-1342),Huawei Local Security Checks,2023-03-11
171198,SUSE SLES15 Security Update : apache2 (SUSE-SU-2023:0294-1),SuSE Local Security Checks,2023-03-11
171306,EulerOS 2.0 SP10 : vim (EulerOS-SA-2023-1375),Huawei Local Security Checks,2023-03-11
171325,EulerOS 2.0 SP10 : vim (EulerOS-SA-2023-1403),Huawei Local Security Checks,2023-03-11
171385,Fedora 37 : 2:vim (2023-2db4df65c3),Fedora Local Security Checks,2023-03-11
171390,macOS 13.x < 13.2.1 Multiple Vulnerabilities (HT213633),MacOS X Local Security Checks,2023-03-10
171394,Debian DLA-3313-1 : wireshark - LTS security update,Debian Local Security Checks,2023-03-11
171399,Apple iOS < 16.3.1 Multiple Vulnerabilities (HT213635),Mobile Devices,2023-03-10
171407,SUSE SLED15 / SLES15 / openSUSE 15 Security Update : apache2 (SUSE-SU-2023:0322-1),SuSE Local Security Checks,2023-03-11
171420,SUSE SLES15 Security Update : apache2 (SUSE-SU-2023:0321-1),SuSE Local Security Checks,2023-03-11
171429,SUSE SLED15 / SLES15 / openSUSE 15 Security Update : wireshark (SUSE-SU-2023:0343-1),SuSE Local Security Checks,2023-03-11
171449,Security Updates for Microsoft Word Products (February 2023),Windows : Microsoft Bulletins,2023-03-10
171505,Security Updates for Microsoft SharePoint Server 2016 (February 2023),Windows : Microsoft Bulletins,2023-03-10
171506,Security Updates for Microsoft SharePoint Server 2013 (February 2023),Windows : Microsoft Bulletins,2023-03-10
171507,Security Updates for Microsoft SharePoint Server Subscription Edition (February 2023),Windows : Microsoft Bulletins,2023-03-10
171508,Security Updates for Microsoft SharePoint Foundation 2013 (February 2023),Windows : Microsoft Bulletins,2023-03-10
171509,Security Updates for Microsoft SharePoint Server 2019 (February 2023),Windows : Microsoft Bulletins,2023-03-10
171512,FreeBSD : go -- multiple vulnerabilities (3d73e384-ad1f-11ed-983c-83fe35862e3a),FreeBSD Local Security Checks,2023-03-14
171554,Security Updates for Microsoft Word Products C2R (February 2023),Windows,2023-03-10
171594,Security Updates for Microsoft Office Products (Feb 2023) (macOS),MacOS X Local Security Checks,2023-03-10
171601,Cisco Identity Services Engine (ISE) XSS (cisco-sa-ise-xss-ubfHG75C),CISCO,2023-03-11
171602,Security Updates for Microsoft Office Online Server (February 2023),Windows : Microsoft Bulletins,2023-03-10
171607,Security Updates for Microsoft SharePoint Server 2019 (February 2023),Windows : Microsoft Bulletins,2023-03-10
171608,Security Updates for Microsoft SharePoint Server 2016 (Language Pack (February 2023)),Windows : Microsoft Bulletins,2023-03-10
171609,Security Updates for Microsoft SharePoint Server Subscription Edition Language Pack (February 2023),Windows : Microsoft Bulletins,2023-03-10
171612,Fedora 36 : 2:vim (2023-93fb5b08eb),Fedora Local Security Checks,2023-03-11
171613,Fedora 37 : webkitgtk (2023-2dc87954d9),Fedora Local Security Checks,2023-03-10
171614,Debian DSA-5351-1 : webkit2gtk - security update,Debian Local Security Checks,2023-03-10
171622,Debian DSA-5352-1 : wpewebkit - security update,Debian Local Security Checks,2023-03-10
171639,Fedora 37 : xen (2023-c69a2a8f8b),Fedora Local Security Checks,2023-03-11
171644,RHEL 8 : Mozilla Firefox (RHSA-2023:0807),Red Hat Local Security Checks,2023-03-10
171648,RHEL 8 : Mozilla Firefox (RHSA-2023:0806),Red Hat Local Security Checks,2023-03-10
171690,Debian DLA-3320-1 : webkit2gtk - LTS security update,Debian Local Security Checks,2023-03-10
171790,Cisco Secure Email and Web Manager PrivEsc (cisco-sa-esa-sma-privesc-9DVkFpJ8),CISCO,2023-03-14
171792,Cisco Email Security Appliance PrivEsc (cisco-sa-esa-sma-privesc-9DVkFpJ8),CISCO,2023-03-14
171838,Cisco NX-OS Software CLI Comm Injection (cisco-sa-nxos-cli-cmdinject-euQVK9u),CISCO,2023-03-11
171839,FreeBSD : chromium -- multiple vulnerabilities (4d6b5ea9-bc64-4e77-a7ee-d62ba68a80dd),FreeBSD Local Security Checks,2023-03-11
171887,Fortinet FortiWeb - Padding oracle in cookie encryption (FG-IR-21-126),Firewalls,2023-03-11
171888,Fortinet Fortigate - Padding oracle in cookie encryption (FG-IR-21-126),Firewalls,2023-03-11
172010,FreeBSD : redis -- multiple vulnerabilities (b17bce48-b7c6-11ed-b304-080027f5fec9),FreeBSD Local Security Checks,2023-03-11
172068,GitLab 15.5 < 15.7.8 / 15.8 < 15.8.4 / 15.9 < 15.9.2 (CVE-2022-3758),CGI abuses,2023-03-11
172069,GitLab 10.0 < 15.7.8 / 15.8 < 15.8.4 / 15.9 < 15.9.2 (CVE-2022-3381),CGI abuses,2023-03-11
172070,GitLab 15.3 < 15.7.8 / 15.8 < 15.8.4 / 15.9 < 15.9.2 (CVE-2022-4007),CGI abuses,2023-03-11
172071,GitLab 15.5 < 15.7.8 / 15.8 < 15.8.4 / 15.9 < 15.9.2 (CVE-2023-0223),CGI abuses,2023-03-11
172072,GitLab < 15.7.8 / 15.8 < 15.8.4 / 15.9 < 15.9.2 (CVE-2023-1084),CGI abuses,2023-03-11
172073,GitLab 15.3 < 15.7.8 / 15.8 < 15.8.4 / 15.9 < 15.9.2 (CVE-2022-4289),CGI abuses,2023-03-11
172074,GitLab 12.8 < 15.7.8 / 15.8 < 15.8.4 / 15.9 < 15.9.2 (CVE-2022-4462),CGI abuses,2023-03-11
172075,GitLab 12.1 < 15.7.8 / 15.8 < 15.8.4 / 15.9 < 15.9.2 (CVE-2023-0483),CGI abuses,2023-03-11
172076,GitLab 15.1 < 15.7.8 / 15.8 < 15.8.4 / 15.9 < 15.9.2 (CVE-2022-4331),CGI abuses,2023-03-11
172077,GitLab 9.0 < 15.7.8 / 15.8 < 15.8.4 / 15.9 < 15.9.2 (CVE-2023-1072),CGI abuses,2023-03-11
172078,GitLab 13.7 < 15.7.8 / 15.8 < 15.8.4 / 15.9 < 15.9.2 (CVE-2023-0050),CGI abuses,2023-03-11
172083,FreeBSD : Grafana -- Stored XSS in geomap panel plugin via attribution (e2a8e2bd-b808-11ed-b695-6c3be5272acd),FreeBSD Local Security Checks,2023-03-10
172086,FreeBSD : Gitlab -- Multiple Vulnerabilities (f7c5b3a9-b9fb-11ed-99c6-001b217b3468),FreeBSD Local Security Checks,2023-03-11
172088,Fedora 37 : vim (2023-27958e9307),Fedora Local Security Checks,2023-03-11
172109,Debian DLA-3352-1 : libde265 - LTS security update,Debian Local Security Checks,2023-03-14
172112,Fedora 36 : xen (2023-dad0295b25),Fedora Local Security Checks,2023-03-11
172114,Fedora 37 : libtpms (2023-c487bde4b4),Fedora Local Security Checks,2023-03-11
172120,Wireshark 3.6.x < 3.6.12 A Vulnerability (macOS),MacOS X Local Security Checks,2023-03-14
172121,Wireshark 3.6.x < 3.6.12 A Vulnerability,Windows,2023-03-14
172135,Ubuntu 18.04 LTS / 20.04 LTS : Linux kernel vulnerabilities (USN-5917-1),Ubuntu Local Security Checks,2023-03-10
172137,Wireshark 4.0.x < 4.0.4 A Vulnerability,Windows,2023-03-14
172138,Wireshark 4.0.x < 4.0.4 A Vulnerability (macOS),MacOS X Local Security Checks,2023-03-14
172151,Amazon Linux 2 : vim (ALAS-2023-1975),Amazon Linux Local Security Checks,2023-03-11
172155,Amazon Linux 2 : openssl11 (ALAS-2023-1974),Amazon Linux Local Security Checks,2023-03-14
172184,Amazon Linux AMI : batik (ALAS-2023-1695),Amazon Linux Local Security Checks,2023-03-10
172186,Apache 2.4.x < 2.4.56 Multiple Vulnerabilities,Web Servers,2023-03-11
172190,Foxit PDF Editor < 12.1.1 Multiple Vulnerabilities,Windows,2023-03-11
172191,Foxit PDF Reader < 12.1.1 Multiple Vulnerabilities,Windows,2023-03-11
172221,Google Chrome < 111.0.5563.64 Multiple Vulnerabilities,Windows,2023-03-14
172243,Ubuntu 22.04 LTS / 22.10 : Libtpms vulnerabilities (USN-5933-1),Ubuntu Local Security Checks,2023-03-11
172255,Foxit PDF Editor < 11.2.5 Multiple Vulnerabilities,Windows,2023-03-11
172256,SUSE SLED12 / SLES12 Security Update : kernel (SUSE-SU-2023:0634-1),SuSE Local Security Checks,2023-03-10
172276,Tenable Nessus 10.x >= 10.2.1 and < 10.4.3 Multiple Vulnerabilities (TNS-2023-11),Misc.,2023-03-10
172277,Tenable Nessus 8.15.x >= 8.15.4 and < 8.15.9 Multiple Vulnerabilities (TNS-2023-10),Misc.,2023-03-10
172281,ClamAV < 0.103.8 / 0.104.x < 0.105.2 / 1.0.0 Multiple Vulnerabilities,Misc.,2023-03-10
172292,EulerOS 2.0 SP9 : vim (EulerOS-SA-2023-1485),Huawei Local Security Checks,2023-03-11
172314,EulerOS 2.0 SP9 : vim (EulerOS-SA-2023-1460),Huawei Local Security Checks,2023-03-11
172318,Rocky Linux 8 : curl (RLSA-2023:1140),Rocky Linux Local Security Checks,2023-03-10
172325,Rocky Linux 9 : gnutls (RLSA-2023:1141),Rocky Linux Local Security Checks,2023-03-10
172327,Rocky Linux 9 : pesign (RLSA-2023:1067),Rocky Linux Local Security Checks,2023-03-10
172336,EulerOS 2.0 SP9 : libXpm (EulerOS-SA-2023-1475),Huawei Local Security Checks,2023-03-10
172337,EulerOS 2.0 SP9 : byacc (EulerOS-SA-2023-1436),Huawei Local Security Checks,2023-03-10
172338,Rocky Linux 9 : libjpeg-turbo (RLSA-2023:1068),Rocky Linux Local Security Checks,2023-03-10
172339,EulerOS 2.0 SP9 : libarchive (EulerOS-SA-2023-1446),Huawei Local Security Checks,2023-03-10
172340,EulerOS 2.0 SP9 : lxc (EulerOS-SA-2023-1451),Huawei Local Security Checks,2023-03-10
172341,EulerOS 2.0 SP9 : libXpm (EulerOS-SA-2023-1450),Huawei Local Security Checks,2023-03-10
172342,EulerOS 2.0 SP5 : libksba (EulerOS-SA-2023-1508),Huawei Local Security Checks,2023-03-10
172343,EulerOS 2.0 SP9 : net-snmp (EulerOS-SA-2023-1453),Huawei Local Security Checks,2023-03-10
172344,EulerOS 2.0 SP5 : pixman (EulerOS-SA-2023-1511),Huawei Local Security Checks,2023-03-10
172345,EulerOS 2.0 SP9 : multipath-tools (EulerOS-SA-2023-1452),Huawei Local Security Checks,2023-03-10
172346,EulerOS 2.0 SP5 : expat (EulerOS-SA-2023-1501),Huawei Local Security Checks,2023-03-10
172347,EulerOS 2.0 SP5 : glib2 (EulerOS-SA-2023-1503),Huawei Local Security Checks,2023-03-10
172348,EulerOS 2.0 SP5 : libxml2 (EulerOS-SA-2023-1510),Huawei Local Security Checks,2023-03-10
172349,EulerOS 2.0 SP5 : unbound (EulerOS-SA-2023-1517),Huawei Local Security Checks,2023-03-10
172350,EulerOS 2.0 SP5 : kernel (EulerOS-SA-2023-1507),Huawei Local Security Checks,2023-03-10
172351,EulerOS 2.0 SP5 : vim (EulerOS-SA-2023-1518),Huawei Local Security Checks,2023-03-11
172352,EulerOS 2.0 SP9 : multipath-tools (EulerOS-SA-2023-1477),Huawei Local Security Checks,2023-03-10
172353,EulerOS 2.0 SP9 : ruby (EulerOS-SA-2023-1483),Huawei Local Security Checks,2023-03-10
172354,EulerOS 2.0 SP5 : dhcp (EulerOS-SA-2023-1498),Huawei Local Security Checks,2023-03-10
172355,CentOS 7 : pesign (CESA-2023:1093),CentOS Local Security Checks,2023-03-10
172356,CentOS 7 : samba (CESA-2023:1090),CentOS Local Security Checks,2023-03-10
172357,Scientific Linux Security Update : pesign on SL7.x x86_64 (2023:1093),Scientific Linux Local Security Checks,2023-03-10
172358,Slackware Linux 14.0 / 14.1 / 14.2 / 15.0 / current httpd  Multiple Vulnerabilities (SSA:2023-067-01),Slackware Local Security Checks,2023-03-11
172359,Scientific Linux Security Update : kernel on SL7.x x86_64 (2023:1091),Scientific Linux Local Security Checks,2023-03-10
172360,CentOS 7 : zlib (CESA-2023:1095),CentOS Local Security Checks,2023-03-10
172361,CentOS 7 : kernel (CESA-2023:1091),CentOS Local Security Checks,2023-03-10
172362,Ubuntu 18.04 LTS : Linux kernel (GCP) vulnerabilities (USN-5939-1),Ubuntu Local Security Checks,2023-03-10
172363,OracleVM 3.4 : sudo (OVMSA-2023-0003),OracleVM Local Security Checks,2023-03-10
172364,OracleVM 3.4 : kernel-uek (OVMSA-2023-0004),OracleVM Local Security Checks,2023-03-10
172365,Ubuntu 16.04 ESM / 18.04 ESM / 20.04 ESM / 22.04 ESM : Opusfile vulnerability (USN-5937-1),Ubuntu Local Security Checks,2023-03-10
172366,Ubuntu 22.04 LTS : Linux kernel (GKE) vulnerabilities (USN-5938-1),Ubuntu Local Security Checks,2023-03-10
172367,Ubuntu 20.04 LTS : Samba vulnerabilities (USN-5936-1),Ubuntu Local Security Checks,2023-03-10
172368,Jenkins Enterprise and Operations Center 2.346.x < 2.346.40.0.8 Multiple Vulnerabilities (CloudBees Security Advisory 2023-03-08),CGI abuses,2023-03-11
172369,RHEL 8 : pesign (RHSA-2023:1107),Red Hat Local Security Checks,2023-03-10
172370,RHEL 8 : kernel (RHSA-2023:1130),Red Hat Local Security Checks,2023-03-10
172371,RHEL 9 : gnutls (RHSA-2023:1141),Red Hat Local Security Checks,2023-03-10
172372,RHEL 8 : kernel-rt (RHSA-2023:1110),Red Hat Local Security Checks,2023-03-10
172373,RHEL 8 : kernel (RHSA-2023:1109),Red Hat Local Security Checks,2023-03-10
172374,RHEL 8 : curl (RHSA-2023:1140),Red Hat Local Security Checks,2023-03-10
172375,Cisco IP Phones < 11.3.7SR1 Multiple Vulnerabilities (cisco-sa-ip-phone-cmd-inj-KMFynVcP),CISCO,2023-03-11
172376,Atlassian Confluence < 7.13.14 / 7.14.x < 7.19.6 / 7.20.x < 8.1.0 (CONFSERVER-82436),CGI abuses,2023-03-10
172377,Solaris 10 (sparc) : 148419-04,Solaris Local Security Checks,2023-03-14
172378,Solaris 10 (sparc) : 153091-01,Solaris Local Security Checks,2023-03-10
172379,Solaris 10 (sparc) : 151912-21,Solaris Local Security Checks,2023-03-10
172380,Solaris 10 (sparc) : 119783-50,Solaris Local Security Checks,2023-03-14
172381,Solaris 10 (x86) : 119784-50,Solaris Local Security Checks,2023-03-14
172382,Solaris 10 (x86) : 148420-04,Solaris Local Security Checks,2023-03-14
172383,Solaris 10 (x86) : 142398-02,Solaris Local Security Checks,2023-03-10
172384,Solaris 10 (sparc) : 150383-30,Solaris Local Security Checks,2023-03-10
172385,Solaris 10 (sparc) : 142397-02,Solaris Local Security Checks,2023-03-10
172386,Solaris 10 (x86) : 151913-21,Solaris Local Security Checks,2023-03-10
172387,Solaris 10 (x86) : 153092-01,Solaris Local Security Checks,2023-03-10
172388,Solaris 10 (sparc) : 153153-06,Solaris Local Security Checks,2023-03-14
172389,Solaris 10 (x86) : 153154-06,Solaris Local Security Checks,2023-03-14
172390,Fortinet Fortigate - Heap buffer underflow in administrative interface (FG-IR-23-001),Firewalls,2023-03-11
172391,Contec CONPROSYS HMI System (CHS) OS Command Injection (CVE-2022-44456),SCADA,2023-03-11
172392,Contec CONPROSYS HMI System (CHS) Detection,SCADA,2023-03-10
172393,FreeBSD : mantis -- multiple vulnerabilities (bed545c6-bdb8-11ed-bca8-a33124f1beb1),FreeBSD Local Security Checks,2023-03-10
172394,Jenkins LTS < 2.375.4 / Jenkins weekly < 2.394 Multiple Vulnerabilities,CGI abuses,2023-03-11
172395,Fortinet Fortigate FortiOS 6.2.x / 6.4.x < 6.4.12 / 7.0.x < 7.0.10 / 7.2.x < 7.2.4 /  Access of NULL pointer in SSLVPNd (FG-IR-22-477),Firewalls,2023-03-11
172396,Fedora 36 : redis (2023-7a98e2d545),Fedora Local Security Checks,2023-03-11
172397,Fedora 37 : redis (2023-c685251667),Fedora Local Security Checks,2023-03-11
172398,Fedora 36 : caddy (2023-a258bed79b),Fedora Local Security Checks,2023-03-10
172399,Fedora 36 : python-cryptography (2023-672f668f51),Fedora Local Security Checks,2023-03-10
172400,RHEL 7 / 9 : Red Hat JBoss Enterprise Application Platform 7.4 (RHSA-2023:1185),Red Hat Local Security Checks,2023-03-10
172401,NVIDIA CUDA Toolkit < 12.1 Multiple Vulnerabilities,Misc.,2023-03-14
172402,SUSE SLES15 / openSUSE 15 Security Update : libxslt (SUSE-SU-2023:0680-1),SuSE Local Security Checks,2023-03-11
172403,SUSE SLES12 Security Update : xorg-x11-server (SUSE-SU-2023:0653-1),SuSE Local Security Checks,2023-03-11
172404,SUSE SLED15 / SLES15 / openSUSE 15 Security Update : qemu (SUSE-SU-2023:0671-1),SuSE Local Security Checks,2023-03-11
172405,SUSE SLES12 Security Update : hdf5 (SUSE-SU-2023:0691-1),SuSE Local Security Checks,2023-03-11
172406,Cisco IOS XR Software Bootloader Unauthenticated Information Disclosure (cisco-sa-iosxr-load-infodisc-9rdOr5Fq),CISCO,2023-03-11
172407,SUSE SLED15 / SLES15 / openSUSE 15 Security Update : xen (SUSE-SU-2023:0692-1),SuSE Local Security Checks,2023-03-11
172408,SUSE SLES12 Security Update : libX11 (SUSE-SU-2023:0667-1),SuSE Local Security Checks,2023-03-11
172409,SUSE SLES15 Security Update : emacs (SUSE-SU-2023:0675-1),SuSE Local Security Checks,2023-03-11
172410,SUSE SLES12 Security Update : openssl (SUSE-SU-2023:0684-1),SuSE Local Security Checks,2023-03-11
172411,SUSE SLES15 Security Update : nodejs16 (SUSE-SU-2023:0673-1),SuSE Local Security Checks,2023-03-11
172412,SUSE SLED15 / SLES15 / openSUSE 15 Security Update : xorg-x11-server (SUSE-SU-2023:0683-1),SuSE Local Security Checks,2023-03-11
172413,SUSE SLES12 Security Update : xorg-x11-server (SUSE-SU-2023:0656-1),SuSE Local Security Checks,2023-03-11
172414,SUSE SLES15 / openSUSE 15 Security Update : nodejs14 (SUSE-SU-2023:0674-1),SuSE Local Security Checks,2023-03-11
172415,SUSE SLED15 / SLES15 / openSUSE 15 Security Update : libX11 (SUSE-SU-2023:0668-1),SuSE Local Security Checks,2023-03-11
172416,SUSE SLES12 Security Update : python36 (SUSE-SU-2023:0662-1),SuSE Local Security Checks,2023-03-11
172417,SUSE SLES15 Security Update : python-wheel (SUSE-SU-2023:0088-2),SuSE Local Security Checks,2023-03-11
172418,SUSE SLES12 Security Update : xorg-x11-server (SUSE-SU-2023:0655-1),SuSE Local Security Checks,2023-03-11
172419,SUSE SLES15 Security Update : xorg-x11-server (SUSE-SU-2023:0657-1),SuSE Local Security Checks,2023-03-11
172420,SUSE SLES12 Security Update : python-py (SUSE-SU-2023:0681-1),SuSE Local Security Checks,2023-03-11
172421,SUSE SLES12 Security Update : xen (SUSE-SU-2023:0672-1),SuSE Local Security Checks,2023-03-11
172422,openSUSE 15 Security Update : opera (openSUSE-SU-2023:0066-1),SuSE Local Security Checks,2023-03-11
172423,SUSE SLED15 / SLES15 / openSUSE 15 Security Update : xwayland (SUSE-SU-2023:0654-1),SuSE Local Security Checks,2023-03-11
172424,SUSE SLES12 Security Update : python3 (SUSE-SU-2023:0663-1),SuSE Local Security Checks,2023-03-11
172425,SUSE SLED15 / SLES15 / openSUSE 15 Security Update : poppler (SUSE-SU-2023:0677-1),SuSE Local Security Checks,2023-03-11
172426,SUSE SLES15 / openSUSE 15 Security Update : nodejs12 (SUSE-SU-2023:0682-1),SuSE Local Security Checks,2023-03-11
172427,Cisco Prime Infrastructure Stored XSS (cisco-sa-cisco-pi-epnm-xss-mZShH2J),CISCO,2023-03-11
172428,Cisco Evolved Programmable Network Manager Stored XSS (cisco-sa-cisco-pi-epnm-xss-mZShH2J),CISCO,2023-03-14
172429,SUSE SLES11 Security Update : java-1_7_0-ibm (SUSE-SU-2022:14926-1),SuSE Local Security Checks,2023-03-11
172430,SUSE SLED12 / SLES12 Security Update : python (SUSE-SU-2022:2248-1),SuSE Local Security Checks,2023-03-11
172431,SUSE SLES12 Security Update : dpdk (SUSE-SU-2022:3381-1),SuSE Local Security Checks,2023-03-11
172432,SUSE SLES12 Security Update : python (SUSE-SU-2022:2249-1),SuSE Local Security Checks,2023-03-11
172433,SUSE SLES11 Security Update : java-1_7_1-ibm (SUSE-SU-2022:14876-1),SuSE Local Security Checks,2023-03-11
172434,SUSE SLES11 Security Update : cifs-utils (SUSE-SU-2022:14950-1),SuSE Local Security Checks,2023-03-11
172435,SUSE SLES15 Security Update : kernel (Live Patch 26 for SLE 15) (SUSE-SU-2022:3409-1),SuSE Local Security Checks,2023-03-11
172436,SUSE SLED15 / SLES15 Security Update : conmon  libcontainers-common  libseccomp  podman (SUSE-SU-2022:23018-1),SuSE Local Security Checks,2023-03-11
172437,SUSE SLED15 / SLES15 Security Update : postgresql14 (SUSE-SU-2022:2989-2),SuSE Local Security Checks,2023-03-11
172438,SUSE SLES12 Security Update : hdf5  suse-hpc (SUSE-SU-2022:1933-1),SuSE Local Security Checks,2023-03-11
172439,SUSE SLES11 Security Update : dnsmasq (SUSE-SU-2022:14940-1),SuSE Local Security Checks,2023-03-11
172440,SonicWall SonicOS Security Misconfiguration (SNWLID-2023-0005),Firewalls,2023-03-14
172441,Ubuntu 16.04 ESM / 18.04 LTS / 20.04 LTS / 22.04 LTS / 22.10 : SnakeYAML vulnerabilities (USN-5944-1),Ubuntu Local Security Checks,2023-03-11
172442,Ubuntu 22.04 LTS : Linux kernel (KVM) vulnerabilities (USN-5941-1),Ubuntu Local Security Checks,2023-03-11
172443,Ubuntu 18.04 LTS : Linux kernel (Raspberry Pi) vulnerabilities (USN-5940-1),Ubuntu Local Security Checks,2023-03-11
172444,Ubuntu 18.04 LTS / 20.04 LTS / 22.04 LTS / 22.10 : Apache HTTP Server vulnerabilities (USN-5942-1),Ubuntu Local Security Checks,2023-03-11
172445,Apache Spark < 2.4.6 RCE (CVE-2020-9480),Misc.,2023-03-14
172446,Apache Spark < 3.0.3 / 3.1.x < 3.1.1 / 3.2.x < 3.2.1 RCE (CVE-2022-33891),Misc.,2023-03-12
172447,Apache Spark Detection,Misc.,2023-03-11
172448,Debian DSA-5371-1 : chromium - security update,Debian Local Security Checks,2023-03-14
172449,Debian DLA-3351-1 : apache2 - LTS security update,Debian Local Security Checks,2023-03-14
172450,Fedora 38 : dcmtk (2023-83b529bd34),Fedora Local Security Checks,2023-03-11
172451,Fedora 38 : usd (2023-94e61ade80),Fedora Local Security Checks,2023-03-11
172452,Fedora 38 : mingw-binutils (2023-dbba9e7218),Fedora Local Security Checks,2023-03-11
172453,Fedora 38 : stb (2023-815aa77986),Fedora Local Security Checks,2023-03-11
172454,Fedora 38 : manifest-tool (2023-5312f6200c),Fedora Local Security Checks,2023-03-11
172455,Fedora 38 : stargz-snapshotter (2023-62ce942e75),Fedora Local Security Checks,2023-03-11
172456,Fedora 38 : python-cryptography (2023-749dd47c79),Fedora Local Security Checks,2023-03-11
172457,Fedora 38 : tkimg (2023-6c1200da3d),Fedora Local Security Checks,2023-03-11
172458,Fedora 38 : perl-HTTP-Daemon (2023-748e811334),Fedora Local Security Checks,2023-03-11
172459,Fedora 38 : strongswan (2023-9fb10d880d),Fedora Local Security Checks,2023-03-11
172460,Fedora 38 : python-django3 (2023-a74513bda8),Fedora Local Security Checks,2023-03-11
172461,Fedora 38 : perl-Cpanel-JSON-XS (2023-aee287259b),Fedora Local Security Checks,2023-03-11
172462,Fedora 38 : libmemcached-awesome (2023-fd848970c4),Fedora Local Security Checks,2023-03-12
172463,Fedora 38 : python-flask / python-werkzeug (2023-729a50a7e1),Fedora Local Security Checks,2023-03-12
172464,Fedora 38 : mingw-python-werkzeug (2023-8d94dccc7e),Fedora Local Security Checks,2023-03-12
172465,Fedora 38 : redis (2023-b0768fba7b),Fedora Local Security Checks,2023-03-12
172466,Fedora 38 : containerd (2023-cd000ea847),Fedora Local Security Checks,2023-03-12
172467,Fedora 38 : chromium (2023-523a24d90a),Fedora Local Security Checks,2023-03-12
172468,Fedora 38 : rust-sequoia-octopus-librnp / rust-sequoia-sop / rust-sequoia-sq (2023-c08ee112f6),Fedora Local Security Checks,2023-03-12
172469,Fedora 37 : dcmtk (2023-fe6fa5696e),Fedora Local Security Checks,2023-03-12
172470,Fedora 37 : strongswan (2023-25800591ef),Fedora Local Security Checks,2023-03-12
172471,Fedora 36 : dcmtk (2023-eda976b192),Fedora Local Security Checks,2023-03-12
172472,Fedora 37 : httpd (2023-54dae7b78a),Fedora Local Security Checks,2023-03-12
172473,SUSE SLES12 Security Update : tomcat (SUSE-SU-2023:0695-1),SuSE Local Security Checks,2023-03-12
172474,SUSE SLES15 Security Update : redis (SUSE-SU-2023:0693-1),SuSE Local Security Checks,2023-03-12
172475,SUSE SLES15 / openSUSE 15 Security Update : python39 (SUSE-SU-2023:0707-1),SuSE Local Security Checks,2023-03-12
172476,SUSE SLES12 Security Update : tomcat (SUSE-SU-2023:0696-1),SuSE Local Security Checks,2023-03-12
172477,SUSE SLES15 Security Update : tomcat (SUSE-SU-2023:0697-1),SuSE Local Security Checks,2023-03-12
172478,SUSE SLED15 / SLES15 / openSUSE 15 Security Update : postgresql14 (SUSE-SU-2023:0705-1),SuSE Local Security Checks,2023-03-12
172479,SUSE SLES15 / openSUSE 15 Security Update : redis (SUSE-SU-2023:0694-1),SuSE Local Security Checks,2023-03-12
172480,Fedora 37 : chromium (2023-1cf9c4477b),Fedora Local Security Checks,2023-03-12
172481,Debian DLA-3357-1 : imagemagick - LTS security update,Debian Local Security Checks,2023-03-12
172482,Debian DLA-3358-1 : mpv - LTS security update,Debian Local Security Checks,2023-03-13
172483,Fedora 38 : pack (2023-5eca6a8326),Fedora Local Security Checks,2023-03-13
172484,Fedora 38 : mingw-python-OWSLib (2023-9a878398a6),Fedora Local Security Checks,2023-03-13
172485,Fedora 38 : containernetworking-plugins (2023-f4bd7ab2f7),Fedora Local Security Checks,2023-03-13
172486,Debian DLA-3360-1 : ruby-sidekiq - LTS security update,Debian Local Security Checks,2023-03-13
172487,Debian DLA-3359-1 : libapache2-mod-auth-mellon - LTS security update,Debian Local Security Checks,2023-03-13
172488,Ubuntu 18.04 LTS / 20.04 LTS / 22.04 LTS / 22.10 : Thunderbird vulnerabilities (USN-5943-1),Ubuntu Local Security Checks,2023-03-14
172489,SonicWall SonicOS Installed,CGI abuses,2023-03-14
172490,ManageEngine ADSelfService Plus < build 6122 Command Injection,CGI abuses,2023-03-14
172491,Fortinet FortiOS - Path Traversal in Execute Command (FG-IR-22-369),Firewalls,2023-03-14
172492,Fortinet FortiOS - Information Disclosure (FG-IR-22-364),Firewalls,2023-03-14
172493,AlmaLinux 9 : gnutls (ALSA-2023:1141),Alma Linux Local Security Checks,2023-03-14
172494,AlmaLinux 8 : curl (ALSA-2023:1140),Alma Linux Local Security Checks,2023-03-14
172495,Ubuntu 18.04 LTS / 20.04 LTS / 22.04 LTS / 22.10 : Protocol Buffers vulnerabilities (USN-5945-1),Ubuntu Local Security Checks,2023-03-14
172496,Ubuntu 16.04 ESM / 18.04 LTS / 20.04 LTS / 22.04 LTS : XStream vulnerabilities (USN-5946-1),Ubuntu Local Security Checks,2023-03-14
172497,Ubuntu 16.04 ESM / 18.04 ESM / 20.04 ESM / 22.04 ESM : Twig vulnerabilities (USN-5947-1),Ubuntu Local Security Checks,2023-03-14
172498,NETGEAR WNR2000 RCE (PSV-2016-0261),CGI abuses,2023-03-14
172499,Symantec Endpoint Protection Client < 14.3 RU5 Security Control Bypass,Windows,2023-03-14
172500,Atlassian Jira < 9.6.0 (JRASERVER-74776),CGI abuses,2023-03-14
500026,Rockwell (CVE-2011-2957) (deprecated),Tenable.ot,2023-03-14
500029,Schneider (CVE-2013-0662) (deprecated),Tenable.ot,2023-03-14
500031,Rockwell (CVE-2009-0474) (deprecated),Tenable.ot,2023-03-14
500034,Yokogawa (CVE-2014-5208) (deprecated),Tenable.ot,2023-03-14
500036,Rockwell (CVE-2012-6436),Tenable.ot,2023-03-14
500040,Yokogawa (CVE-2014-0783) (deprecated),Tenable.ot,2023-03-14
500044,Rockwell (CVE-2010-5305),Tenable.ot,2023-03-14
500047,Rockwell (CVE-2013-2805) (deprecated),Tenable.ot,2023-03-14
500048,Rockwell (CVE-2013-2807) (deprecated),Tenable.ot,2023-03-14
500049,Siemens (CVE-2019-10929),Tenable.ot,2023-03-14
500050,Siemens (CVE-2019-10930) (deprecated),Tenable.ot,2023-03-14
500054,Rockwell (CVE-2019-13527) (deprecated),Tenable.ot,2023-03-14
500055,Siemens (CVE-2019-10943),Tenable.ot,2023-03-14
500059,Schneider (CVE-2011-4861) (deprecated),Tenable.ot,2023-03-14
500070,Siemens (CVE-2019-6575),Tenable.ot,2023-03-14
500073,Yokogawa (CVE-2019-5909) (deprecated),Tenable.ot,2023-03-14
500082,Rockwell (CVE-2017-7901) (deprecated),Tenable.ot,2023-03-14
500083,Rockwell (CVE-2017-6015) (deprecated),Tenable.ot,2023-03-14
500084,Rockwell (CVE-2017-7899) (deprecated),Tenable.ot,2023-03-14
500086,Rockwell (CVE-2018-18981) (deprecated),Tenable.ot,2023-03-14
500091,Siemens (CVE-2016-5849) (deprecated),Tenable.ot,2023-03-14
500095,Rockwell (CVE-2017-14022) (deprecated),Tenable.ot,2023-03-14
500096,Rockwell (CVE-2018-14827) (deprecated),Tenable.ot,2023-03-14
500097,Siemens (CVE-2016-8566) (deprecated),Tenable.ot,2023-03-14
500098,Siemens (CVE-2016-9156) (deprecated),Tenable.ot,2023-03-14
500101,Siemens (CVE-2016-7114) (deprecated),Tenable.ot,2023-03-14
500110,Rockwell (CVE-2017-7903) (deprecated),Tenable.ot,2023-03-14
500111,Rockwell (CVE-2012-6440),Tenable.ot,2023-03-14
500113,Rockwell (CVE-2014-9204) (deprecated),Tenable.ot,2023-03-14
500115,Yokogawa (CVE-2018-16196),Tenable.ot,2023-03-14
500123,Yokogawa (CVE-2018-8838) (deprecated),Tenable.ot,2023-03-14
500127,Yokogawa (CVE-2014-0784) (deprecated),Tenable.ot,2023-03-14
500129,Schneider (CVE-2011-3330) (deprecated),Tenable.ot,2023-03-14
500132,Emerson (CVE-2012-4703),Tenable.ot,2023-03-14
500133,Rockwell (CVE-2012-6438),Tenable.ot,2023-03-14
500135,Rockwell (CVE-2014-9209) (deprecated),Tenable.ot,2023-03-14
500136,Schneider (CVE-2014-9200) (deprecated),Tenable.ot,2023-03-14
500138,Rockwell (CVE-2012-4713) (deprecated),Tenable.ot,2023-03-14
500139,Rockwell (CVE-2012-0221) (deprecated),Tenable.ot,2023-03-14
500142,Honeywell (CVE-2012-0254) (deprecated),Tenable.ot,2023-03-14
500145,Rockwell (CVE-2014-5424) (deprecated),Tenable.ot,2023-03-14
500146,Rockwell (CVE-2011-3489) (deprecated),Tenable.ot,2023-03-14
500147,Rockwell (CVE-2012-6441),Tenable.ot,2023-03-14
500148,Rockwell (CVE-2014-0755) (deprecated),Tenable.ot,2023-03-14
500149,Yokogawa (CVE-2014-0781) (deprecated),Tenable.ot,2023-03-14
500150,Yokogawa (CVE-2014-3888),Tenable.ot,2023-03-14
500151,Rockwell (CVE-2012-0222) (deprecated),Tenable.ot,2023-03-14
500156,Rockwell (CVE-2018-14821) (deprecated),Tenable.ot,2023-03-14
500157,Rockwell (CVE-2018-19016) (deprecated),Tenable.ot,2023-03-14
500160,Rockwell (CVE-2011-2530) (deprecated),Tenable.ot,2023-03-14
500162,Rockwell (CVE-2016-4531)(deprecated),Tenable.ot,2023-03-14
500167,Rockwell (CVE-2016-0868) (deprecated),Tenable.ot,2023-03-14
500171,Siemens (CVE-2016-9157) (deprecated),Tenable.ot,2023-03-14
500179,Siemens (CVE-2016-7112) (deprecated),Tenable.ot,2023-03-14
500180,Rockwell (CVE-2016-4522) (deprecated),Tenable.ot,2023-03-14
500181,Rockwell (CVE-2016-9334) (deprecated),Tenable.ot,2023-03-14
500183,Rockwell (CVE-2009-0473) ()deprecated),Tenable.ot,2023-03-14
500186,Rockwell (CVE-2012-4714) (deprecated),Tenable.ot,2023-03-14
500188,Schneider (CVE-2013-0687) (deprecated),Tenable.ot,2023-03-14
500189,Yokogawa (CVE-2014-0782),Tenable.ot,2023-03-14
500196,Rockwell (CVE-2013-2806) (deprecated),Tenable.ot,2023-03-14
500198,Rockwell (CVE-2012-6435),Tenable.ot,2023-03-14
500202,Siemens (CVE-2019-10931) (deprecated),Tenable.ot,2023-03-14
500222,Rockwell (CVE-2015-1010) (deprecated),Tenable.ot,2023-03-14
500230,Rockwell (CVE-2016-9338) (deprecated),Tenable.ot,2023-03-14
500237,Rockwell (CVE-2018-14829) (deprecated),Tenable.ot,2023-03-14
500239,Rockwell (CVE-2016-2277) (deprecated),Tenable.ot,2023-03-14
500250,Schneider (CVE-2011-4859) (deprecated),Tenable.ot,2023-03-14
500252,Siemens (CVE-2016-5848) (deprecated),Tenable.ot,2023-03-14
500253,Rockwell (CVE-2012-6437),Tenable.ot,2023-03-14
500254,Rockwell (CVE-2012-6439),Tenable.ot,2023-03-14
500258,Rockwell (CVE-2009-0472) (deprecated),Tenable.ot,2023-03-14
500260,Schneider (CVE-2011-4860) (deprecated),Tenable.ot,2023-03-14
500267,Rockwell (CVE-2019-13510) (deprecated),Tenable.ot,2023-03-14
500274,Rockwell (CVE-2019-13511) (deprecated),Tenable.ot,2023-03-14
500280,Siemens (CVE-2019-10938) (deprecated),Tenable.ot,2023-03-14
500283,Rockwell (CVE-2017-7902) (deprecated),Tenable.ot,2023-03-14
500289,Schneider (CVE-2016-8354) (deprecated),Tenable.ot,2023-03-14
500290,Siemens (CVE-2016-8567) (deprecated),Tenable.ot,2023-03-14
500296,Rockwell (CVE-2019-6553) (deprecated),Tenable.ot,2023-03-14
500305,Rockwell (CVE-2018-10619) (deprecated),Tenable.ot,2023-03-14
500310,Siemens (CVE-2016-7113) (deprecated),Tenable.ot,2023-03-14
500320,Rockwell (CVE-2017-7898) (deprecated),Tenable.ot,2023-03-14
500330,Rockwell (CVE-2018-8843) (deprecated),Tenable.ot,2023-03-14
500331,Beckhoff (CVE-2011-3486) (deprecated),Tenable.ot,2023-03-14
500332,Beckhoff (CVE-2014-5414) (deprecated),Tenable.ot,2023-03-14
500333,Beckhoff (CVE-2014-5415) (deprecated),Tenable.ot,2023-03-14
500334,Beckhoff (CVE-2015-4051) (deprecated),Tenable.ot,2023-03-14
500338,Beckhoff (CVE-2017-16718) (deprecated),Tenable.ot,2023-03-14
500339,Beckhoff (CVE-2017-16726) (deprecated),Tenable.ot,2023-03-14
500341,Beckhoff (CVE-2018-7502) (deprecated),Tenable.ot,2023-03-14
500343,Beckhoff (CVE-2019-5636) (deprecated),Tenable.ot,2023-03-14
500345,Schneider (CVE-2019-6855),Tenable.ot,2023-03-14
500348,Rockwell (CVE-2019-13519) (deprecated),Tenable.ot,2023-03-14
500349,Rockwell (CVE-2019-13521) (deprecated),Tenable.ot,2023-03-14
500357,Beckhoff (CVE-2019-16871) (deprecated),Tenable.ot,2023-03-14
500361,Siemens (CVE-2019-19279)(deprecated),Tenable.ot,2023-03-14
500365,Rockwell (CVE-2020-6967) (deprecated),Tenable.ot,2023-03-14
500366,Rockwell (CVE-2020-6980),Tenable.ot,2023-03-14
500367,Rockwell (CVE-2020-6984),Tenable.ot,2023-03-14
500368,Rockwell (CVE-2020-6988),Tenable.ot,2023-03-14
500369,Rockwell (CVE-2020-6990),Tenable.ot,2023-03-14
500374,Rockwell (CVE-2020-10642) (deprecated),Tenable.ot,2023-03-14
500392,Rockwell (CVE-2020-12028 (deprecated)),Tenable.ot,2023-03-14
500393,Emerson (CVE-2012-1818),Tenable.ot,2023-03-14
500394,Rockwell (CVE-2020-12033) (deprecated),Tenable.ot,2023-03-14
500397,Emerson (CVE-2018-14793),Tenable.ot,2023-03-14
500398,Schneider (CVE-2020-7560)(deprecated),Tenable.ot,2023-03-14
500402,Emerson (CVE-2014-2349),Tenable.ot,2023-03-14
500408,Rockwell (CVE-2020-27267) (deprecated),Tenable.ot,2023-03-14
500410,Rockwell (CVE-2020-11999) (deprecated),Tenable.ot,2023-03-14
500411,Emerson (CVE-2012-1817),Tenable.ot,2023-03-14
500413,Emerson (CVE-2012-1814),Tenable.ot,2023-03-14
500416,Rockwell (CVE-2020-5806) (deprecated),Tenable.ot,2023-03-14
500418,Rockwell (CVE-2020-5807) (deprecated),Tenable.ot,2023-03-14
500419,Rockwell (CVE-2020-12001) (deprecated),Tenable.ot,2023-03-14
500420,Rockwell (CVE-2020-12038) (deprecated),Tenable.ot,2023-03-14
500421,Emerson (CVE-2014-2350),Tenable.ot,2023-03-14
500427,Rockwell (CVE-2020-14516) (deprecated),Tenable.ot,2023-03-14
500428,Emerson (CVE-2012-1815),Tenable.ot,2023-03-14
500429,Mitsubishi (CVE-2020-16226),Tenable.ot,2023-03-14
500431,Siemens (CVE-2020-25245) (deprecated),Tenable.ot,2023-03-14
500433,Beckhoff (CVE-2020-12526) (deprecated),Tenable.ot,2023-03-14
500434,Beckhoff (CVE-2020-12510)(deprecated),Tenable.ot,2023-03-14
500438,Emerson (CVE-2018-14795),Tenable.ot,2023-03-14
500442,Rockwell (CVE-2020-5801) (deprecated),Tenable.ot,2023-03-14
500444,Emerson (CVE-2012-3035),Tenable.ot,2023-03-14
500445,Rockwell (CVE-2020-12031) (deprecated),Tenable.ot,2023-03-14
500447,Rockwell (CVE-2020-12005) (deprecated),Tenable.ot,2023-03-14
500448,Rockwell (CVE-2020-12034) (deprecated),Tenable.ot,2023-03-14
500449,Rockwell (CVE-2021-22665) (deprecated),Tenable.ot,2023-03-14
500452,Emerson (CVE-2016-9345),Tenable.ot,2023-03-14
500455,Rockwell (CVE-2020-27253) (deprecated),Tenable.ot,2023-03-14
500457,Rockwell (CVE-2020-12027) (deprecated),Tenable.ot,2023-03-14
500463,Rockwell (CVE-2020-27263) (deprecated),Tenable.ot,2023-03-14
500464,Emerson (CVE-2012-1816),Tenable.ot,2023-03-14
500465,Rockwell (CVE-2020-5802) (deprecated),Tenable.ot,2023-03-14
500466,Beckhoff (CVE-2020-12494) (deprecated),Tenable.ot,2023-03-14
500472,Rockwell (CVE-2020-13573) (deprecated),Tenable.ot,2023-03-14
500474,Rockwell (CVE-2020-12025) (deprecated),Tenable.ot,2023-03-14
500476,Rockwell (CVE-2020-27251) (deprecated),Tenable.ot,2023-03-14
500477,Rockwell (CVE-2020-27265) (deprecated),Tenable.ot,2023-03-14
500478,Rockwell (CVE-2020-12029) (deprecated),Tenable.ot,2023-03-14
500479,Rockwell (CVE-2020-12003)(deprecated),Tenable.ot,2023-03-14
500483,Rockwell (CVE-2020-27255) (deprecated),Tenable.ot,2023-03-14
500484,Siemens (CVE-2020-15782),Tenable.ot,2023-03-14
500490,Mitsubishi (CVE-2021-20607) (deprecated),Tenable.ot,2023-03-14
500491,SEL (CVE-2018-10608) (deprecated),Tenable.ot,2023-03-14
500492,Mitsubishi (CVE-2019-10972) (deprecated),Tenable.ot,2023-03-14
500497,Siemens (CVE-2021-41057) (deprecated),Tenable.ot,2023-03-14
500503,Mitsubishi (CVE-2020-12015) (deprecated),Tenable.ot,2023-03-14
500507,Mitsubishi (CVE-2021-20588) (deprecated),Tenable.ot,2023-03-14
500508,Mitsubishi (CVE-2021-20587) (deprecated),Tenable.ot,2023-03-14
500512,Mitsubishi (CVE-2013-2817) (deprecated),Tenable.ot,2023-03-14
500514,Mitsubishi (CVE-2021-20606) (deprecated),Tenable.ot,2023-03-14
500515,Mitsubishi (CVE-2021-20592),Tenable.ot,2023-03-14
500526,SEL (CVE-2018-10600) (deprecated),Tenable.ot,2023-03-14
500532,Mitsubishi (CVE-2020-12009) (deprecated),Tenable.ot,2023-03-14
500536,Siemens (CVE-2020-28397) (deprecated),Tenable.ot,2023-03-14
500540,SEL (CVE-2013-0665) (deprecated),Tenable.ot,2023-03-14
500553,Mitsubishi (CVE-2017-9634) (deprecated),Tenable.ot,2023-03-14
500556,Mitsubishi (CVE-2017-9636) (deprecated),Tenable.ot,2023-03-14
500565,Mitsubishi (CVE-2020-12013)(deprecated),Tenable.ot,2023-03-14
500568,Mitsubishi (CVE-2020-5603) (deprecated),Tenable.ot,2023-03-14
500569,SEL (CVE-2018-10604) (deprecated),Tenable.ot,2023-03-14
500578,Mitsubishi (CVE-2020-12007) (deprecated),Tenable.ot,2023-03-14
500579,Mitsubishi (CVE-2021-20608) (deprecated),Tenable.ot,2023-03-14
500581,Mitsubishi (CVE-2021-20601),Tenable.ot,2023-03-14
500583,Mitsubishi (CVE-2020-12011) (deprecated),Tenable.ot,2023-03-14
500592,Mitsubishi (CVE-2017-9638) (deprecated),Tenable.ot,2023-03-14
500602,Mitsubishi (CVE-2020-5602) (deprecated),Tenable.ot,2023-03-14
500614,Siemens (CVE-2021-37204),Tenable.ot,2023-03-14
500615,Siemens (CVE-2021-37185),Tenable.ot,2023-03-14
500616,Siemens (CVE-2021-37205),Tenable.ot,2023-03-14
500617,Siemens (CVE-2021-45106) (deprecated),Tenable.ot,2023-03-14
500618,Mitsubishi (CVE-2020-14521) (deprecated),Tenable.ot,2023-03-14
500619,Mitsubishi (CVE-2020-14523) (deprecated),Tenable.ot,2023-03-14
500621,Rockwell (CVE-2020-14478) (deprecated),Tenable.ot,2023-03-14
500622,Rockwell (CVE-2020-14481) (deprecated),Tenable.ot,2023-03-14
500623,Rockwell (CVE-2020-14480) (deprecated),Tenable.ot,2023-03-14
500879,Schneider (CVE-2022-45789),Tenable.ot,2023-03-10
500880,Schneider (CVE-2022-45788),Tenable.ot,2023-03-10
500881,Wago (CVE-2022-45137),Tenable.ot,2023-03-10
500882,Schneider (CVE-2016-2278),Tenable.ot,2023-03-14
